289.txt

2739 4376 2947 3969
1518 2529 1874 2287
4221 6740 4548 6088
2634 4257 2864 3877
3041 4924 3471 4445
1403 2322 1606 2174

tiempo = 0.00250867 segundos
simetrica = NO

262.txt

1116 1623 1254 1869
1476 2049 1563 2343
1632 2200 1664 2504
1236 1765 1357 2027
1020 1375 1040 1565

tiempo = 0.00222054 segundos
simetrica = NO

276.txt

2277 2022 1634
665 610 442
1781 1874 1378

tiempo = 0.00119371 segundos
simetrica = NO

29.txt

431 492 240
609 772 452
2328 3035 1827

tiempo = 0.000866875 segundos
simetrica = NO

15.txt

1506 1664 2122 1674 1452 456
1219 1424 1774 1361 1197 397
940 1086 1290 977 852 415

tiempo = 0.000779167 segundos
simetrica = NO

114.txt

881 188
394 86
811 179
438 98
749 170

tiempo = 0.00107463 segundos
simetrica = NO

100.txt

366 1174 1706 0 1386 1112
468 1513 2276 0 1855 1481
324 1053 1620 0 1323 1053
129 441 819 0 679 528
450 1418 1894 0 1526 1240
399 1307 2077 0 1701 1348

tiempo = 0.00131537 segundos
simetrica = NO

128.txt

828 2288 2500 1133 1692 1741
276 718 790 372 514 540
950 2763 2955 1289 2045 2037
468 1212 1412 677 949 1051
394 1107 1311 604 937 1032

tiempo = 0.00100492 segundos
simetrica = NO

129.txt

0 0 0 0
570 1787 2108 1516
511 1776 2184 1596
389 1341 1644 1200
458 1449 1716 1236
600 2078 2552 1864

tiempo = 0.00116354 segundos
simetrica = NO

101.txt

336 208 334 424 387 205
648 508 598 774 716 450
60 34 61 77 70 35

tiempo = 0.000703375 segundos
simetrica = NO

115.txt

586 789
288 332

tiempo = 0.000659875 segundos
simetrica = NO

14.txt

1922 1622 2122
1663 1393 1374
2056 1824 1955
1499 1345 1638
1184 1140 1375

tiempo = 0.00116696 segundos
simetrica = NO

28.txt

3480 2272
3377 1913
3796 2064
3886 2646

tiempo = 0.00134758 segundos
simetrica = NO

277.txt

761 558 402 682 181
802 496 579 979 92
1443 1039 807 1355 321
1768 1229 906 1686 368
584 362 405 701 70
1032 641 621 1177 138

tiempo = 0.00121387 segundos
simetrica = NO

263.txt

826 1012 1597 792
904 992 1114 532

tiempo = 0.000627958 segundos
simetrica = NO

288.txt

2684 837 1610 1138 2472
2558 784 1538 1050 2252
2193 654 1375 751 1638
2732 851 1646 1142 2488
2248 704 1328 1000 2152

tiempo = 0.00110842 segundos
simetrica = NO

275.txt

4051 1643 2600 5944 3367 3248
1455 683 1185 2567 1537 1326
2110 946 1622 3588 2130 1928
2534 1132 1933 4322 2576 2320
3398 1322 1982 4668 2594 2516

tiempo = 0.00107763 segundos
simetrica = NO

261.txt

3949 4427 3435 4749 4713 3732
3486 3612 2853 3988 4054 3137

tiempo = 0.0006005 segundos
simetrica = NO

249.txt

1939 1302
1637 1094

tiempo = 0.000742 segundos
simetrica = NO

16.txt

912 792 714 756
1346 1288 951 1183
688 728 426 644
330 360 195 315
950 856 717 805

tiempo = 0.00155579 segundos
simetrica = NO

103.txt

2669 2322 449
3796 3310 646

tiempo = 0.000592458 segundos
simetrica = NO

117.txt

1168 2494 1735 1523 1483
1238 2641 1803 1542 1527
1080 2434 1732 1614 1636

tiempo = 0.000818458 segundos
simetrica = NO

116.txt

38 30
190 170
95 85
133 120
209 185

tiempo = 0.00151146 segundos
simetrica = NO

102.txt

1023 1576
1737 2584

tiempo = 0.000865083 segundos
simetrica = NO

17.txt

1961 2496 2228
2612 2748 2566

tiempo = 0.000871875 segundos
simetrica = NO

248.txt

794 32 462 998 310 934
1557 102 777 1929 849 1725
630 28 358 790 262 734
324 12 192 408 120 384

tiempo = 0.00129488 segundos
simetrica = NO

260.txt

2820 3543 1074 2486
1978 2285 716 1688

tiempo = 0.000600125 segundos
simetrica = NO

274.txt

299 360 613 370
356 400 652 400
489 570 933 585
428 494 838 493

tiempo = 0.00123154 segundos
simetrica = NO

258.txt

580 446 312 506
436 312 244 346
818 634 438 721

tiempo = 0.00104867 segundos
simetrica = NO

270.txt

1373 1482 1233 2269 2024 769
93 98 87 141 112 55
980 1052 906 1528 1260 578
690 707 630 1095 937 376
353 362 329 537 432 201

tiempo = 0.00140896 segundos
simetrica = NO

264.txt

80 500 584 88 216 412
198 933 1080 96 291 837
68 403 470 66 166 337
90 730 858 166 377 564

tiempo = 0.000981416 segundos
simetrica = NO

13.txt

315 183 195 229 363 278
315 183 195 229 363 278

tiempo = 0.000580292 segundos
simetrica = NO

106.txt

744 744
1130 1330
1223 1423
1148 1273
1055 1180
1073 1123

tiempo = 0.001162 segundos
simetrica = NO

112.txt

114 645 713 713 633 285
58 217 301 301 285 145
84 642 618 618 522 210

tiempo = 0.000791167 segundos
simetrica = NO

113.txt

4606 4420 4580 2544 3026
4640 4074 4261 2743 3022

tiempo = 0.00063025 segundos
simetrica = NO

107.txt

1614 1500
1628 1433

tiempo = 0.000593209 segundos
simetrica = NO

12.txt

2805 2267 1813
1370 1166 1003
2033 1701 1440
2093 1711 1436
2588 1938 1386
1752 1266 873

tiempo = 0.00134758 segundos
simetrica = NO

265.txt

1684 3930 4358 3247 3191
1578 4050 4612 3363 3185
1796 4020 4422 3342 3148
1474 3444 3883 2843 2752
1358 3395 3934 2875 2448
2394 5027 5385 4238 3615

tiempo = 0.00127292 segundos
simetrica = NO

271.txt

4030 3285 5177 2768 3510 5302
3387 2873 4579 2333 3054 4565
2142 1784 2595 1306 1624 2685
3185 2630 4364 2243 3031 4318

tiempo = 0.000903083 segundos
simetrica = NO

259.txt

1564 492 1704 536
2362 700 2228 710
1305 358 1167 384
1462 451 1500 473
1955 568 1660 529

tiempo = 0.00104358 segundos
simetrica = NO

298.txt

675 1282 1013 1429 1528
512 1513 1065 1590 1416
1167 1850 1233 1965 2136
822 1282 866 1369 1504

tiempo = 0.000902792 segundos
simetrica = NO

267.txt

860 1144 672 2460 1804 572
713 934 574 1907 1433 467
483 648 371 1432 1037 324
247 326 196 683 507 163
832 1082 679 2153 1638 541
499 638 420 1191 935 319

tiempo = 0.00129358 segundos
simetrica = NO

273.txt

2130 696 2087 1995 2429 1137
3398 780 3586 3341 3647 1546
3960 1032 4142 3881 3989 2254

tiempo = 0.000749 segundos
simetrica = NO

10.txt

532 1197 773 693 1624 1651
580 1305 633 572 1587 1564
672 1512 808 728 1904 1896
512 1152 808 723 1619 1661

tiempo = 0.000942666 segundos
simetrica = NO

38.txt

258 208 50 204 252
834 696 138 624 726
368 332 36 238 227
149 140 9 88 71
591 500 91 432 489

tiempo = 0.00117879 segundos
simetrica = NO

139.txt

964 1114 1168
1677 2200 1798

tiempo = 0.00056125 segundos
simetrica = NO

111.txt

1747 951 1096 686 1211
1553 759 944 649 1060
611 403 408 208 437
1862 1036 1176 721 1295
1222 806 816 416 874

tiempo = 0.00100246 segundos
simetrica = NO

105.txt

12 100 108
33 541 411

tiempo = 0.000571334 segundos
simetrica = NO

104.txt

2803 811 2546 2942 3502
590 182 620 680 820
1101 261 862 1050 1314
2234 722 2093 2401 2726
2200 670 2075 2368 2780

tiempo = 0.00106467 segundos
simetrica = NO

110.txt

254 600
312 636
368 801
386 930
312 693

tiempo = 0.00106771 segundos
simetrica = NO

138.txt

3376 5425 5098 4767 5008
2629 4316 3966 3567 3746

tiempo = 0.000554458 segundos
simetrica = NO

39.txt

1356 1667 894 955 2361
1149 1333 771 758 1938

tiempo = 0.000567167 segundos
simetrica = NO

11.txt

1046 1064 2434 1500 1618
480 421 1079 821 820
1403 1650 3257 1824 2251
1331 1804 2913 1142 1825
1623 2021 3736 1751 2345

tiempo = 0.00131275 segundos
simetrica = NO

272.txt

4339 3985 2150
5762 5312 2914
2840 2558 1144

tiempo = 0.0006995 segundos
simetrica = NO

266.txt

2736 2701 4024
3230 3147 4493
2728 2659 3643
3620 3522 5081
2842 2790 4353

tiempo = 0.00117829 segundos
simetrica = NO

299.txt

2107 4588 3429 3791 1861
3474 7713 6222 6273 3484
1957 4084 3389 3404 1860
1534 3413 2975 2726 1678
2909 6317 5080 5254 2905

tiempo = 0.00177863 segundos
simetrica = NO

201.txt

1512 1564 1502 1687 1402 1904
1566 1561 1600 1921 1745 2315
771 716 730 761 655 965

tiempo = 0.00122717 segundos
simetrica = NO

215.txt

4381 3244
3025 2567
4626 3370
2248 2097
2262 1575
3803 3226

tiempo = 0.00150142 segundos
simetrica = NO

229.txt

2156 1415 2332 2245 1299 842
2239 2247 2832 2543 1664 1105
1807 1150 1821 1800 1186 772
1368 1392 1791 1718 1129 696
1696 1155 1933 1861 974 619

tiempo = 0.00110567 segundos
simetrica = NO

76.txt

1121 1525 1080
311 397 291
723 997 701
819 1111 788
604 828 584
1089 1487 1051

tiempo = 0.00145371 segundos
simetrica = NO

188.txt

2139 3898 2210 2416
1771 3275 1889 2015
1566 2909 1763 1775
2153 4168 2868 2590

tiempo = 0.000921875 segundos
simetrica = NO

62.txt

594 408 1110
637 504 1197
781 552 1461
751 472 1399
324 248 608

tiempo = 0.001111 segundos
simetrica = NO

89.txt

1660 997 363 2144 2144 317
656 347 105 796 796 121

tiempo = 0.000710333 segundos
simetrica = NO

177.txt

1190 588 560 1134
1286 652 648 1310
824 432 452 912
1530 756 720 1458

tiempo = 0.000886167 segundos
simetrica = NO

163.txt

749 1028 2131 639 1707
889 1069 2198 648 1842
483 784 1668 510 1264
623 1002 2149 657 1629

tiempo = 0.000863791 segundos
simetrica = NO

162.txt

2639 2228 2564 2216 3032 4116
2124 2025 2008 1716 2766 3451
1296 1097 1537 1418 1489 2256

tiempo = 0.000851625 segundos
simetrica = NO

88.txt

806 96
438 58
661 86

tiempo = 0.000840667 segundos
simetrica = NO

176.txt

729 2058 643
349 1002 319
511 1542 517
471 1338 421

tiempo = 0.000922083 segundos
simetrica = NO

63.txt

1376 1061 2150 2023 2555 2772
2377 1858 3674 3397 4303 4737
2698 1884 4007 3775 4588 5099
1230 903 1692 1797 1747 2056

tiempo = 0.000940666 segundos
simetrica = NO

77.txt

1805 1976
2423 2693
1762 1871
2828 3029

tiempo = 0.00115221 segundos
simetrica = NO

189.txt

2358 1136
3005 1363
3692 1513

tiempo = 0.000741958 segundos
simetrica = NO

228.txt

4449 4059 2826
3415 3275 2254
826 794 534
2385 2317 1700

tiempo = 0.000950209 segundos
simetrica = NO

214.txt

515 1801 1811 1449
669 2344 2355 1877
393 1545 1842 1452
376 1268 1150 894

tiempo = 0.00102721 segundos
simetrica = NO

200.txt

3328 4150
2540 3255
2509 3138
3438 4271
2576 3448

tiempo = 0.00120912 segundos
simetrica = NO

216.txt

1300 908 599 784
433 330 209 273
918 580 399 518

tiempo = 0.000769458 segundos
simetrica = NO

202.txt

775 696 316 711
641 582 236 531
564 498 264 594
831 738 372 837
293 264 116 261
332 300 128 288

tiempo = 0.00129054 segundos
simetrica = NO

49.txt

2022 2007 1790 2505 3319 2373
848 854 739 1008 1425 1042
2562 3024 2498 3256 4680 3848
1147 1141 1041 1459 1883 1371

tiempo = 0.00127487 segundos
simetrica = NO

61.txt

808 584 872 1844 1194
1064 622 1006 2422 1362

tiempo = 0.000828792 segundos
simetrica = NO

75.txt

1473 719 1001
1345 635 877
1872 841 1147

tiempo = 0.0010825 segundos
simetrica = NO

160.txt

4208 3647 3665
3258 2495 2465
2265 1967 1973
2538 2152 2153
4088 3464 3486
3748 2819 2795

tiempo = 0.00129408 segundos
simetrica = NO

174.txt

3061 2876 3931 2329
3050 3033 3571 1958
4642 4470 5564 3082
2712 2794 3214 1820
2316 2069 2894 1615
2517 2475 3009 1690

tiempo = 0.00126483 segundos
simetrica = NO

148.txt

1050 1746 2046 1533 1137 822
588 980 1148 861 637 462

tiempo = 0.000585833 segundos
simetrica = NO

149.txt

2675 3475 4125 4675 2934 4921
3275 3964 4950 4988 3294 5730
2393 3080 3736 4037 2622 4403
2712 3238 3912 4152 2618 4580

tiempo = 0.000922041 segundos
simetrica = NO

175.txt

2818 2346 2542 3003 2016
2471 2001 2147 2424 1683
2178 1861 1917 2238 1516
855 766 854 1159 727
2210 1844 1885 2308 1628

tiempo = 0.00110758 segundos
simetrica = NO

161.txt

318 595 223 523 159 736
476 890 336 786 238 1102
586 1085 451 1021 293 1362
572 1090 332 842 286 1314
784 1490 469 1174 392 1803
150 285 90 225 75 345

tiempo = 0.00130558 segundos
simetrica = NO

74.txt

1932 2995 3698
2364 3829 4391
2466 3924 4341

tiempo = 0.00075025 segundos
simetrica = NO

60.txt

248 1804 1108 596 1696
268 2206 1234 754 2016
68 496 304 164 466
274 2090 1238 700 1943

tiempo = 0.000942875 segundos
simetrica = NO

48.txt

968 1276 1239 1052
2018 2691 2547 2195
1254 1410 1374 1264
1242 1503 1400 1284
2860 3524 3346 2993
2102 2466 2361 2154

tiempo = 0.00132708 segundos
simetrica = NO

203.txt

264 1028 1124 772 344
291 1094 1211 823 368

tiempo = 0.000622875 segundos
simetrica = NO

217.txt

4046 2803
3127 1946
2531 2019
2678 1730
4268 3104
3292 2406

tiempo = 0.00141246 segundos
simetrica = NO

213.txt

864 375 728 307 1046
936 471 616 311 1090

tiempo = 0.000599542 segundos
simetrica = NO

207.txt

1143 1409 1044
1808 2180 1763
2148 2453 1711
2465 2809 2422

tiempo = 0.000997292 segundos
simetrica = NO

64.txt

730 1061 1219
266 382 578
790 1118 1270
480 610 842
321 464 490
155 209 337

tiempo = 0.001423 segundos
simetrica = NO

70.txt

4211 3188 2776
2702 1721 1572
4878 3665 3240
1914 1560 1325

tiempo = 0.000933542 segundos
simetrica = NO

58.txt

1001 241
2236 651

tiempo = 0.000624292 segundos
simetrica = NO

159.txt

2087 1632 1394 2311 1564 2223
2680 2089 1848 3368 2241 2761
2115 1486 1728 2879 1812 2025
4119 3050 3136 5517 3614 4031
2363 1968 1404 2525 1820 2589
3468 2482 2745 4704 2905 3401

tiempo = 0.0011855 segundos
simetrica = NO

165.txt

5865 7023
1841 2292

tiempo = 0.000578667 segundos
simetrica = NO

171.txt

256 397 548 36 452 579
118 181 254 18 206 267
92 144 196 12 164 208

tiempo = 0.000826875 segundos
simetrica = NO

170.txt

2244 668
2117 639
2957 927
2555 791
635 206

tiempo = 0.00121379 segundos
simetrica = NO

164.txt

501 355 503 570 305 280
1047 691 1140 1299 779 604
1335 895 1446 1641 971 772
1450 992 1433 1653 898 788
1889 1355 1759 2022 997 1004
1667 1177 1783 1992 1127 976

tiempo = 0.00125012 segundos
simetrica = NO

158.txt

922 904 580 502
898 1104 588 534
448 651 252 273
1100 1209 735 633
494 655 289 293

tiempo = 0.00116512 segundos
simetrica = NO

59.txt

1746 814 638
1859 799 652

tiempo = 0.000601333 segundos
simetrica = NO

71.txt

1911 378 1499 1738 775
548 110 422 506 228
698 128 582 592 242
813 153 656 709 295
909 162 741 762 285
1393 259 1130 1203 491

tiempo = 0.00137363 segundos
simetrica = NO

65.txt

2443 767 2039 1075 2302
1846 482 1583 694 1642
1576 708 1223 952 1698
2523 1027 2004 1395 2612

tiempo = 0.000954625 segundos
simetrica = NO

206.txt

1308 1108 1244
1251 1081 1243
540 464 530
1422 1218 1386
1359 1141 1267
1497 1271 1431

tiempo = 0.00132525 segundos
simetrica = NO

212.txt

2766 3550 2942 602 2540 3134
3320 4055 3402 686 2721 3356
2003 2794 2301 470 1896 2543
2023 2616 2203 413 1889 2304
2896 3572 2973 686 2219 3220
2179 2937 2458 488 1926 2575

tiempo = 0.00131163 segundos
simetrica = NO

238.txt

1202 1013 1013 329
601 394 394 160
1016 779 779 275
1313 1122 1122 360
830 570 570 222

tiempo = 0.00109104 segundos
simetrica = NO

204.txt

1056 1128
384 456

tiempo = 0.000579375 segundos
simetrica = NO

210.txt

2895 1920 1905
1930 1280 1270

tiempo = 0.000602 segundos
simetrica = NO

73.txt

693 936 930 1629 1207 1316
2388 2722 3095 4626 3666 3538
2547 3016 3399 4959 3799 3738
2526 2833 3199 4779 3866 3674
1854 1791 2242 3483 3036 2722

tiempo = 0.00105963 segundos
simetrica = NO

67.txt

6453 4099 5288 5864
4297 2676 3534 3962
3765 2579 3043 3373

tiempo = 0.000778458 segundos
simetrica = NO

199.txt

566 393 718 705
1580 1024 1899 1597
1692 1116 2065 1803
658 437 797 734
1030 645 1230 885

tiempo = 0.00120875 segundos
simetrica = NO

9.txt

799 589 377 395
957 705 489 491
1349 1001 721 723
818 608 460 452

tiempo = 0.000939917 segundos
simetrica = NO

172.txt

126 84 210 168 210
297 198 495 396 495

tiempo = 0.000591125 segundos
simetrica = NO

98.txt

678 411 299 108 214
780 534 406 216 332
880 632 488 288 416
438 291 219 108 174

tiempo = 0.000926875 segundos
simetrica = NO

166.txt

828 1000 776 456 624
1217 1488 1138 638 884

tiempo = 0.000613125 segundos
simetrica = NO

99.txt

513 631 935
351 449 739
432 528 768
513 631 935
405 499 743
459 581 931

tiempo = 0.0013245 segundos
simetrica = NO

167.txt

306 783 666 306 594
140 480 358 206 384
194 537 440 216 414
300 930 724 388 732
294 1077 782 470 870

tiempo = 0.0011595 segundos
simetrica = NO

173.txt

2659 2196 3062
1235 1000 1346
2958 2360 3144
290 216 264
975 844 1201

tiempo = 0.00115817 segundos
simetrica = NO

8.txt

1920 1684 1062 0
1413 1227 837 0

tiempo = 0.000593042 segundos
simetrica = NO

66.txt

2984 1712 2503
4110 2228 3368
3330 1915 2860
2505 1404 2026

tiempo = 0.000939959 segundos
simetrica = NO

198.txt

2001 3229
3168 5705
3098 5469
2454 4236

tiempo = 0.000985583 segundos
simetrica = NO

72.txt

180 550 830
208 569 616

tiempo = 0.000702959 segundos
simetrica = NO

211.txt

1873 1344 2117 1679 1468 3651
852 576 879 810 688 1589
1428 924 1419 1263 1093 2651

tiempo = 0.000811917 segundos
simetrica = NO

205.txt

3956 1587
2969 1157

tiempo = 0.000623334 segundos
simetrica = NO

239.txt

355 1346 708
50 346 204
150 408 192
285 804 384

tiempo = 0.000957125 segundos
simetrica = NO

220.txt

1671 2805 1562 597
1988 3336 1854 708

tiempo = 0.000816708 segundos
simetrica = NO

234.txt

675 600 924
1564 1398 2146
557 499 765
1114 998 1530
428 396 596

tiempo = 0.00104625 segundos
simetrica = NO

208.txt

1379 679 0 1729 1876 2387
1143 543 0 1443 1517 1929
638 358 0 778 952 1214
792 360 0 1008 1020 1296

tiempo = 0.000937 segundos
simetrica = NO

195.txt

714 280 570 714 710 1206
764 272 604 764 740 1252

tiempo = 0.000600291 segundos
simetrica = NO

181.txt

2249 788
2316 898
2196 860

tiempo = 0.000758583 segundos
simetrica = NO

57.txt

1337 1950 2930 1797 2570 1477
1368 2029 2861 1588 2225 1575

tiempo = 0.000601208 segundos
simetrica = NO

5.txt

966 236 224
1038 248 182

tiempo = 0.000611625 segundos
simetrica = NO

43.txt

1631 1037 595 1412
3334 2226 1836 2527
2659 2059 1449 2322
4327 3027 2323 3471
2980 1993 1475 2401

tiempo = 0.00110075 segundos
simetrica = NO

156.txt

1367 4996
738 2654
1320 4557

tiempo = 0.000737208 segundos
simetrica = NO

142.txt

936 1644 2733 2637 2985
680 1007 1805 1699 1979

tiempo = 0.000591583 segundos
simetrica = NO

94.txt

976 578 241 649
2194 1310 546 1438
1829 1117 464 1166
2115 1303 542 1312
2316 1400 584 1472

tiempo = 0.00103392 segundos
simetrica = NO

80.txt

757 1927 258 738 1030 1490
915 2628 445 1114 1463 1951
831 2737 460 1026 1390 2018
977 2995 451 1064 1490 2254
909 2985 492 1098 1500 2208

tiempo = 0.00110754 segundos
simetrica = NO

81.txt

2709 2060
2938 2213
1377 1014
1474 1253
2622 2149
1362 1221

tiempo = 0.00128492 segundos
simetrica = NO

95.txt

171 171 123 1323 147 984
96 96 64 720 80 512
81 81 57 621 69 456

tiempo = 0.000777166 segundos
simetrica = NO

143.txt

2565 3425 3145 1907 2714 3213
1789 2743 2433 1295 1868 2465
3067 4147 4084 2107 3404 4163

tiempo = 0.000769791 segundos
simetrica = NO

157.txt

734 543 895 854 735
214 208 312 210 154
59 33 61 77 72
1494 1233 1953 1638 1341
782 614 990 882 740
354 198 366 462 432

tiempo = 0.00124454 segundos
simetrica = NO

42.txt

671 126 1101 619 938 886
415 78 681 383 580 548
858 140 1392 744 1239 1125
590 116 972 556 815 781
745 130 1215 665 1060 980
299 54 489 271 422 394

tiempo = 0.00142283 segundos
simetrica = NO

56.txt

2063 4542
1512 3355
770 1747
1269 2880
1221 2679
1151 2515

tiempo = 0.00128433 segundos
simetrica = NO

4.txt

66 168 126 78 156 24
225 288 187 287 226 124
347 385 238 447 285 200
454 515 321 584 385 260

tiempo = 0.000938625 segundos
simetrica = NO

180.txt

1465 778
1609 790
1812 903
452 249
1564 802

tiempo = 0.00125567 segundos
simetrica = NO

194.txt

982 2242 2546 2474
482 1124 1200 1167
326 770 856 814
546 1240 1506 1441

tiempo = 0.00109012 segundos
simetrica = NO

209.txt

1057 636 1288
827 660 1144
112 96 172

tiempo = 0.000700958 segundos
simetrica = NO

235.txt

346 253 338 118 463 305
765 559 741 264 1024 674
819 600 819 270 1095 723

tiempo = 0.000706708 segundos
simetrica = NO

221.txt

1632 2494 2051
2567 3957 3278
1555 2421 1976

tiempo = 0.000771708 segundos
simetrica = NO

237.txt

263 957 427
120 433 192
221 590 193

tiempo = 0.0007 segundos
simetrica = NO

223.txt

514 668 602 368 480
1486 1537 1758 1107 1562
1662 1788 1932 1200 1652
1070 1061 1224 759 1054
1206 1069 1391 875 1256
768 978 882 534 688

tiempo = 0.00137158 segundos
simetrica = NO

182.txt

151 1193 136 1631 1767
198 1648 262 2306 2568
228 1874 278 2608 2886

tiempo = 0.0007925 segundos
simetrica = NO

196.txt

387 1683 1802 1057
441 1720 1978 1205
189 439 650 451

tiempo = 0.000922541 segundos
simetrica = NO

68.txt

3720 8350 6265 6470 2971
3370 8124 6100 6280 3172
2731 7282 5189 5799 3091

tiempo = 0.000801833 segundos
simetrica = NO

40.txt

840 1233 605
980 1451 685
874 1300 601

tiempo = 0.000784875 segundos
simetrica = NO

6.txt

2055 1915
2799 2753
2412 2314

tiempo = 0.000732208 segundos
simetrica = NO

54.txt

1654 1389 1722 1935 1289
2745 2046 3206 3236 2345
981 699 1140 1039 826
1900 1230 2470 2342 1786

tiempo = 0.00102592 segundos
simetrica = NO

141.txt

2593 3038 2458 3489
1844 2038 1796 2607
4248 4954 4100 5873
3028 3538 2854 4109
1888 1959 1934 2724
2488 2599 2548 3643

tiempo = 0.00133371 segundos
simetrica = NO

155.txt

1076 1508
808 774
212 256
936 1182
1068 1512
880 974

tiempo = 0.00133342 segundos
simetrica = NO

83.txt

1136 1919 2175 412 2125
1324 2145 2467 492 2391
772 1273 1455 284 1415

tiempo = 0.000795542 segundos
simetrica = NO

169.txt

1474 1608 1233 587 867
484 644 462 233 360
352 444 324 161 246
1606 1808 1371 659 981
968 1020 792 373 546
1716 1796 1398 657 960

tiempo = 0.00133608 segundos
simetrica = NO

97.txt

287 413
875 965

tiempo = 0.000662291 segundos
simetrica = NO

168.txt

258 906 172 770
357 1301 238 1172
471 1639 314 1372
324 1108 216 900

tiempo = 0.00109063 segundos
simetrica = NO

96.txt

411 917 595 982 413 986
1364 2389 1660 2759 1289 3060
1198 2286 1386 2627 1058 2495
1604 2680 1764 3108 1256 3192
2029 2632 1869 3221 1236 3536

tiempo = 0.001193 segundos
simetrica = NO

82.txt

944 454 516 484 434
1552 836 923 736 609
1296 714 784 604 490

tiempo = 0.000787458 segundos
simetrica = NO

154.txt

520 824 276 328 512 244
482 1126 228 476 574 308
528 1184 252 504 616 332
490 1020 240 430 550 290
504 866 252 390 520 290
421 530 222 247 383 211

tiempo = 0.00176571 segundos
simetrica = NO

140.txt

1602 1380 1602
594 520 594
765 652 765

tiempo = 0.0008525 segundos
simetrica = NO

7.txt

1461 1769 1689 1939 1447 1383
2081 2413 2412 2604 1796 1951
1791 2071 2289 2129 1337 1917
1906 2260 2373 2364 1604 1970
2362 2786 2961 2963 1993 2522
1638 1954 2154 2112 1412 1938

tiempo = 0.00144937 segundos
simetrica = NO

55.txt

190 489 358 474 213
216 484 356 436 228
458 963 710 834 471
240 592 434 562 264
266 587 432 524 279
272 736 538 730 312

tiempo = 0.0013795 segundos
simetrica = NO

41.txt

2071 316 1372 1673 1435
2636 384 1720 2148 1768
2265 318 1463 1910 1508
1658 212 1037 1487 1069
3403 500 2229 2766 2296

tiempo = 0.00113742 segundos
simetrica = NO

197.txt

409 541 328 251 165 371
743 969 664 595 133 531
1577 2078 1304 1048 540 1348
1281 1687 1064 861 427 1085

tiempo = 0.000905666 segundos
simetrica = NO

69.txt

2146 2358 3286
2125 2451 3328
1911 2057 2870
2282 2446 3493
1656 1864 2530

tiempo = 0.00111013 segundos
simetrica = NO

183.txt

2267 1801
1675 1658
2102 1737
2266 2037

tiempo = 0.00111679 segundos
simetrica = NO

222.txt

1296 1101 888 459 675 739
1974 1740 1436 776 874 1350
855 735 622 307 440 494

tiempo = 0.000740583 segundos
simetrica = NO

236.txt

450 344 393 218 260 160
1894 1546 1800 1120 1266 780

tiempo = 0.000679167 segundos
simetrica = NO

232.txt

992 1116 936 1176 1648 1370
714 842 620 880 1188 1006
1439 1597 1412 1692 2416 2000
933 1009 904 1064 1512 1235
1209 1217 1276 1296 1932 1533
273 259 296 276 420 324

tiempo = 0.00129358 segundos
simetrica = NO

226.txt

1575 973 1106 1323 861
570 382 401 504 333
1585 1019 1114 1365 895
995 545 697 777 494
800 544 563 714 473

tiempo = 0.00137312 segundos
simetrica = NO

45.txt

308 399
308 399
315 504
357 531
140 157
217 240

tiempo = 0.00173963 segundos
simetrica = NO

51.txt

1218 1102 1371 1567 1251
942 914 1108 1303 986

tiempo = 0.000648042 segundos
simetrica = NO

3.txt

728 1490 1661 1127 1585 1454
714 1504 1616 1232 1554 1478
502 1012 1024 901 1001 1042

tiempo = 0.000787417 segundos
simetrica = NO

187.txt

805 355 1585 675
850 370 1630 720
1356 564 2364 1188

tiempo = 0.000731417 segundos
simetrica = NO

79.txt

36 0
40 0
20 0

tiempo = 0.000731667 segundos
simetrica = NO

193.txt

423 178 446 786
228 84 277 473

tiempo = 0.0005725 segundos
simetrica = NO

178.txt

1200 898 1716 402 342 972
460 293 626 117 147 362
700 519 998 231 201 566

tiempo = 0.000765083 segundos
simetrica = NO

86.txt

2117 3282 3097 1815 2003
2321 3631 3052 1864 2275
1027 1667 1418 839 1049
2072 3256 2640 1632 2056
878 1494 1012 636 986
2137 3346 2933 1759 2079

tiempo = 0.00124983 segundos
simetrica = NO

92.txt

1836 442 1475 2083 1186
2292 565 1775 2575 1471
1724 427 1325 1933 1105

tiempo = 0.000785083 segundos
simetrica = NO

144.txt

1967 1926
3675 2976
3207 2604
3734 3252
3087 2214
1936 1689

tiempo = 0.00133258 segundos
simetrica = NO

150.txt

1443 1437 1051
711 714 525
1218 1212 886
924 891 638
1296 1269 918

tiempo = 0.00105054 segundos
simetrica = NO

151.txt

2528 1845 2530
2238 1658 2198

tiempo = 0.000587833 segundos
simetrica = NO

145.txt

1177 2390 3462 1450 2357
1503 2866 4316 1877 2795
1744 3415 4968 2189 3350
1530 2764 4316 1846 2769
1123 2386 3442 1410 2294

tiempo = 0.00117721 segundos
simetrica = NO

93.txt

1138 1422 599 1365
547 686 314 663

tiempo = 0.0005915 segundos
simetrica = NO

179.txt

558 1236
295 738
849 1118

tiempo = 0.000762875 segundos
simetrica = NO

87.txt

1284 1032 486
376 320 180
1190 952 441

tiempo = 0.000789583 segundos
simetrica = NO

192.txt

1616 992 984 1480
972 588 600 840
2750 1678 1684 2460

tiempo = 0.000918333 segundos
simetrica = NO

186.txt

1117 2201 2033 2591 1627 2361
925 1854 1808 2431 1383 1939
1265 2509 2305 2977 1833 2642
1231 2414 2244 2841 1801 2623
504 998 968 1266 754 1075
758 1562 1470 2072 1100 1499

tiempo = 0.00142567 segundos
simetrica = NO

78.txt

2344 1144 1710 2388 1495
1962 865 1307 1917 1114
1628 1194 1500 1846 1251
1742 631 1055 1639 919

tiempo = 0.000976792 segundos
simetrica = NO

50.txt

2736 3686 2035 2878 2957
2172 2654 1568 1994 2004
2249 3210 1759 2332 2627
1961 2668 1545 2364 2227
2948 3993 2330 2870 3087
2105 2798 1656 1926 2140

tiempo = 0.00275196 segundos
simetrica = NO

2.txt

724 650 1411 1197 1113 984
596 514 1230 954 967 931
859 667 1657 1330 1114 1225
2527 1954 5006 3892 2637 3506

tiempo = 0.000907959 segundos
simetrica = NO

44.txt

984 1338 651
720 930 460
632 832 409
800 1036 512

tiempo = 0.00112575 segundos
simetrica = NO

227.txt

3379 2262 2109
2084 1390 1232
2713 1789 1615
2212 1489 1295
788 511 400
1227 785 812

tiempo = 0.00123229 segundos
simetrica = NO

233.txt

3129 3381 1058 2087
3555 3594 1287 2087

tiempo = 0.000593666 segundos
simetrica = NO

219.txt

1100 931 1085
698 565 672
1174 876 985
80 53 61
774 611 680

tiempo = 0.00109371 segundos
simetrica = NO

225.txt

693 632 949
225 232 305
81 99 108
1107 966 1521
693 632 949
630 598 860

tiempo = 0.00133383 segundos
simetrica = NO

231.txt

1795 1497
1245 957
542 426
483 315
593 423
1508 1056

tiempo = 0.00125546 segundos
simetrica = NO

0.txt

824 1046 1362
664 997 1160
1048 1372 1678
688 940 1229
1196 1664 2022

tiempo = 0.00143413 segundos
simetrica = NO

52.txt

818 1342 1348 1454 936 1130
1653 2871 2958 3219 2088 2349
1033 1906 2013 2209 1443 1514
885 1419 1410 1515 972 1209
1078 1875 1933 2104 1365 1533

tiempo = 0.00192096 segundos
simetrica = NO

46.txt

1062 1767 1003 1132
1118 1781 1018 1163
132 306 166 172
1174 1795 1033 1194

tiempo = 0.00103842 segundos
simetrica = NO

190.txt

1102 0 1178 256 1729 2165
492 0 772 192 1018 1122
486 0 618 144 861 1017
576 0 800 192 1088 1248

tiempo = 0.0012415 segundos
simetrica = NO

184.txt

3220 3343 3615
2077 2227 2499
4045 4235 4654
1147 1192 1320
1244 1264 1334

tiempo = 0.00133712 segundos
simetrica = NO

91.txt

164 117
695 509
1101 825
234 246
406 316
445 357

tiempo = 0.00140158 segundos
simetrica = NO

85.txt

3004 1278 2216 618
2213 952 1647 461
1368 556 998 260

tiempo = 0.000978584 segundos
simetrica = NO

153.txt

2070 2018
1768 1429
1933 1719
2080 1884
1231 1478
1659 1900

tiempo = 0.00139325 segundos
simetrica = NO

147.txt

805 865 975 1095 1155
1127 1211 1365 1533 1617
322 346 390 438 462
258 498 558 834 750

tiempo = 0.000986583 segundos
simetrica = NO

146.txt

1161 1760 1638
1015 1793 1619
1277 1595 1546
1815 2361 2250
897 1545 1389

tiempo = 0.00114171 segundos
simetrica = NO

152.txt

1368 1525 1457
1193 1288 1253
1182 1260 1201
1193 1288 1253
1083 1609 1312

tiempo = 0.00127462 segundos
simetrica = NO

84.txt

1788 836
2552 1137
1145 492
2832 1246
3455 1458

tiempo = 0.00210946 segundos
simetrica = NO

90.txt

4190 4175 3822 3053
5180 5455 4916 3838
4738 4660 4103 3479
2834 2956 2706 2139
5136 5523 4764 3958
3226 2940 2775 2364

tiempo = 0.00187129 segundos
simetrica = NO

185.txt

1443 1266 1884
1604 1449 2001
1667 1493 2047
2179 1954 2516

tiempo = 0.00143462 segundos
simetrica = NO

191.txt

2662 2191 1656 1558 2499 2318
1795 1628 1270 1064 1733 1701
3765 3166 2300 2258 3611 3299
4073 3541 2414 2458 3862 3387

tiempo = 0.00111738 segundos
simetrica = NO

47.txt

1124 1824 1260 654 1354 1126
372 732 648 302 662 270

tiempo = 0.0006635 segundos
simetrica = NO

1.txt

1286 1210 1540 1025
2027 2135 2667 1949
2200 2537 2984 2234

tiempo = 0.000839959 segundos
simetrica = NO

53.txt

1474 1525 1248
1139 1740 1561
1781 2099 1801
1350 1724 1635
2014 2782 2462
1357 1970 1702

tiempo = 0.00277517 segundos
simetrica = NO

230.txt

2958 1804 1188 932 1541
1904 1086 772 518 757

tiempo = 0.000643084 segundos
simetrica = NO

224.txt

876 693
179 147
729 567
308 231
121 42

tiempo = 0.0012 segundos
simetrica = NO

218.txt

1076 943 1518
1827 1582 2542

tiempo = 0.0006205 segundos
simetrica = NO

280.txt

426 261 423 561 246
1134 390 1116 1290 642
1512 520 1488 1720 856
2080 868 2052 2468 1184
2317 1064 2289 2814 1323

tiempo = 0.00113079 segundos
simetrica = NO

294.txt

2094 1611 827 1651 1383 1173
1800 1331 614 1398 1250 944

tiempo = 0.000610584 segundos
simetrica = NO

243.txt

1102 751 1346 784 765
930 408 1185 642 999
1404 809 1747 986 1206
530 165 690 360 675
1506 987 1848 1068 1107

tiempo = 0.00116154 segundos
simetrica = NO

257.txt

2138 938 1998 986 1797
1626 921 1727 817 1278

tiempo = 0.000697333 segundos
simetrica = NO

34.txt

1002 760 837 624
1343 1022 1118 848
1437 1126 1182 876
2208 1712 1833 1308

tiempo = 0.00110921 segundos
simetrica = NO

20.txt

120 408 216 360 216
80 328 216 280 216
192 776 504 664 504
224 840 504 728 504

tiempo = 0.000990542 segundos
simetrica = NO

135.txt

1993 728 2737 2028 2565
1421 547 2043 1565 1885
1158 377 1534 1035 1453
1892 552 2416 1496 2306
1309 413 1659 1099 1595
1575 470 1973 1250 1898

tiempo = 0.00128733 segundos
simetrica = NO

121.txt

1545 1439 1180
871 823 625
865 781 745
385 351 320

tiempo = 0.0009065 segundos
simetrica = NO

109.txt

1207 2067 897 1418 1919
1079 1947 768 1156 1615

tiempo = 0.000608875 segundos
simetrica = NO

108.txt

117 88
459 376

tiempo = 0.000606959 segundos
simetrica = NO

120.txt

1741 1931 877 1302
2240 2726 1521 1540
2378 3018 1842 1512
2966 3614 2058 1960

tiempo = 0.000980792 segundos
simetrica = NO

134.txt

696 786 1614
266 313 328
494 561 1086
184 209 446
376 431 728

tiempo = 0.00114754 segundos
simetrica = NO

21.txt

2569 3437 2795 3239 3928
2183 3007 2361 3085 3280
1110 1618 1547 1259 1913
1515 2103 1357 2091 2438
1669 2295 1891 2053 2664
1278 1782 1319 1851 1945

tiempo = 0.00125075 segundos
simetrica = NO

35.txt

2110 1942 2018 2318
3418 2870 3334 3344

tiempo = 0.000623958 segundos
simetrica = NO

256.txt

723 907 591
505 697 437

tiempo = 0.000608333 segundos
simetrica = NO

242.txt

2531 2524 2382
2286 2430 2256
3009 3090 2894
1834 1964 1820

tiempo = 0.000914584 segundos
simetrica = NO

295.txt

1565 381 2020 775 720
813 294 1198 423 200
1757 528 2418 887 632
783 339 1329 453 72
966 312 1492 546 272

tiempo = 0.00107029 segundos
simetrica = NO

281.txt

4207 2969 2797 3702
3856 2348 2674 3472
5450 3565 3751 4931
4973 3314 3382 4376
6554 4244 4279 5723

tiempo = 0.00112454 segundos
simetrica = NO

297.txt

4461 2998 3866 2508 3272
6209 4283 5734 3728 4677
4998 3721 4774 3072 3831
4745 3183 4164 2741 3561

tiempo = 0.000927083 segundos
simetrica = NO

283.txt

1144 660 280 440
2153 1125 385 750
810 477 210 318
1706 813 210 542
1719 1020 455 680
987 531 195 354

tiempo = 0.00134037 segundos
simetrica = NO

254.txt

1842 1262 1369 1803 563 361
2820 1759 1916 2616 772 503

tiempo = 0.000625417 segundos
simetrica = NO

240.txt

665 241 674
1090 494 886
735 235 760

tiempo = 0.000750875 segundos
simetrica = NO

268.txt

902 902 1057 1306
712 712 623 890

tiempo = 0.000606542 segundos
simetrica = NO

23.txt

799 1112 631 809 720
1301 1846 1049 1319 1184

tiempo = 0.0006515 segundos
simetrica = NO

37.txt

735 777
1884 1727
375 355

tiempo = 0.000761125 segundos
simetrica = NO

122.txt

3046 1795 2595 1621 2963
6676 3951 5597 3754 6439

tiempo = 0.000609333 segundos
simetrica = NO

136.txt

79 22 16 69 8 17
92 32 22 78 12 22

tiempo = 0.00061275 segundos
simetrica = NO

137.txt

1748 2296 1580 1260
1349 1851 1298 1060

tiempo = 0.000602542 segundos
simetrica = NO

123.txt

3433 3103 3221 1905 2857 2532
2100 1942 1935 1238 1734 1685

tiempo = 0.000607959 segundos
simetrica = NO

36.txt

1531 1941 2067
684 932 1067
1430 1766 1963

tiempo = 0.000773084 segundos
simetrica = NO

22.txt

1783 933 1920 818 1539
1313 665 1428 619 1144
1464 628 1734 695 1381
2713 1425 2874 1292 2307
1373 688 1479 675 1186

tiempo = 0.0010775 segundos
simetrica = NO

269.txt

359 365 296
1188 1188 988
1743 1653 1488
842 866 690
901 787 798

tiempo = 0.00107542 segundos
simetrica = NO

241.txt

686 504 560 520
1141 729 691 587
959 609 761 771
1288 966 916 754

tiempo = 0.000925333 segundos
simetrica = NO

255.txt

1486 2016 1030 1174 972
436 592 312 338 261
1743 2198 1270 1305 930
1812 2414 1279 1408 1113
1449 1872 1041 1103 825
2143 2884 1497 1681 1365

tiempo = 0.00125267 segundos
simetrica = NO

282.txt

972 456
1425 639
901 415
1235 557
1818 822

tiempo = 0.00123862 segundos
simetrica = NO

296.txt

1894 1078 1406
1243 580 851
1833 1088 1341

tiempo = 0.000780667 segundos
simetrica = NO

292.txt

974 2364 3055 1947
718 1934 2603 1420

tiempo = 0.000634959 segundos
simetrica = NO

286.txt

1776 2610
2331 2815

tiempo = 0.000605375 segundos
simetrica = NO

279.txt

1877 1930 1457
2033 2054 1581
1971 2012 1601
787 794 553
1440 1442 1094
2324 2358 1828

tiempo = 0.00130917 segundos
simetrica = NO

251.txt

510 459 1005
230 235 565
854 707 1437
702 531 981

tiempo = 0.000946333 segundos
simetrica = NO

245.txt

162 315 477 783 270 738
87 138 219 330 153 282
127 195 312 463 225 388
254 390 624 926 450 776

tiempo = 0.000928084 segundos
simetrica = NO

26.txt

1736 2046 1011 1031 1323
2579 3169 1600 1692 2226
3248 3793 1964 2033 2526
929 1419 582 632 1080

tiempo = 0.00097875 segundos
simetrica = NO

32.txt

1348 1854
1508 2014
951 1471

tiempo = 0.000752 segundos
simetrica = NO

127.txt

967 434 951 453
1986 942 2038 994

tiempo = 0.000650125 segundos
simetrica = NO

133.txt

1800 1764 2232 2124
896 962 1237 1012

tiempo = 0.000588833 segundos
simetrica = NO

132.txt

285 95 215 240 535 310
719 189 613 540 1309 770
1075 245 941 742 1913 1130
583 98 492 317 976 575

tiempo = 0.000924292 segundos
simetrica = NO

126.txt

3015 3174 1731 4245 2805
1925 1946 1217 2885 2062
3310 3450 2016 4756 3269
2916 2988 1633 4027 2605
3550 3596 2127 4953 3317
3530 3706 2013 4837 3153

tiempo = 0.00122892 segundos
simetrica = NO

33.txt

1977 1680 2042
2028 1968 2120
1966 1622 2008
3648 2786 3493
3941 3509 3986
3083 2467 3081

tiempo = 0.00124908 segundos
simetrica = NO

27.txt

1335 952
1536 1102
2483 1787

tiempo = 0.000757875 segundos
simetrica = NO

244.txt

1180 1205
275 255
885 889
620 573

tiempo = 0.00097825 segundos
simetrica = NO

250.txt

236 370 631
288 471 796
180 249 437

tiempo = 0.000827208 segundos
simetrica = NO

278.txt

591 245 490
1239 814 1367
1681 786 1863
1172 701 1387
1161 715 1448

tiempo = 0.00110996 segundos
simetrica = NO

287.txt

2795 1190 1936 897 1601 685
3179 1175 2132 988 1741 675
2998 1028 1927 937 1738 618

tiempo = 0.00076 segundos
simetrica = NO

293.txt

315 189 443
893 619 1197

tiempo = 0.000665917 segundos
simetrica = NO

285.txt

897 2115 2413 1585 1452 2159
0 0 0 0 0 0
1291 2622 2961 1961 1996 2743
1142 1758 2111 1434 1697 2088
1799 3447 3957 2635 2762 3713

tiempo = 0.00110438 segundos
simetrica = NO

291.txt

646 1095 766 1891 1757
444 758 494 1282 1208
690 1224 819 2032 1956
116 197 133 337 315
744 1256 812 2136 2000

tiempo = 0.00110983 segundos
simetrica = NO

246.txt

2716 1538 3170
2390 1459 3015
2895 1623 3442

tiempo = 0.000753875 segundos
simetrica = NO

252.txt

1002 2027
678 1453
848 1708

tiempo = 0.000755709 segundos
simetrica = NO

31.txt

1335 784
715 412
380 222
2235 1300
875 512

tiempo = 0.00105817 segundos
simetrica = NO

25.txt

1642 895 875
632 356 364
2542 1387 1358

tiempo = 0.000758875 segundos
simetrica = NO

19.txt

1029 784 1711 1854
864 497 1374 1519
298 338 550 566
789 501 1261 1393
775 330 1169 1328
1609 1222 2699 2908

tiempo = 0.00127429 segundos
simetrica = NO

118.txt

177 185 236
595 600 721
388 390 466
517 510 589
263 265 318

tiempo = 0.00107104 segundos
simetrica = NO

130.txt

841 973 604 555 1513 982
1141 1379 781 933 2203 1375
1279 1507 855 987 2300 1519
2862 3393 1908 2289 5229 3417
1856 2162 1270 1476 3375 2204
1563 1727 1032 1151 2490 1810

tiempo = 0.00125617 segundos
simetrica = NO

124.txt

3752 3533 4570
4781 4606 5556

tiempo = 0.000672542 segundos
simetrica = NO

125.txt

2644 1384 1321 1304
2583 964 1790 1181
3440 1688 1901 1684

tiempo = 0.000764333 segundos
simetrica = NO

131.txt

950 1268
1028 1547

tiempo = 0.000581583 segundos
simetrica = NO

119.txt

2566 3483 2199 2673 1495
1747 2468 1532 1758 1041
2554 3336 1980 2944 1576

tiempo = 0.000770125 segundos
simetrica = NO

18.txt

1204 672 1080 1418
1232 720 1128 1468

tiempo = 0.000622958 segundos
simetrica = NO

24.txt

1932 735
3249 1212
2019 696

tiempo = 0.000820667 segundos
simetrica = NO

30.txt

1701 1777 1107 1324
1701 1780 1102 1356
705 753 455 712
1044 1089 673 800
596 620 392 436
509 525 343 324

tiempo = 0.00122983 segundos
simetrica = NO

253.txt

1193 2311
1028 2068
1668 3270
978 2047
1258 2537
1230 2329

tiempo = 0.00127512 segundos
simetrica = NO

247.txt

2355 1485
3610 2338

tiempo = 0.000612958 segundos
simetrica = NO

290.txt

1106 744 919
925 614 737

tiempo = 0.000610417 segundos
simetrica = NO

284.txt

1387 1452 575 1769 724 1635
2603 3143 1663 3757 1518 3177
1327 1684 980 2023 792 1626
2241 2732 1129 3255 1324 2954
3042 3350 1371 4020 1692 3718
2429 2990 1491 3571 1414 3057

tiempo = 0.00125433 segundos
simetrica = NO

