0.txt

57 30 33 63
57 30 69 87
48 30 42 72
75 36 114 123

tiempo = 0.003476656 segundos

1.txt

62 41
70 55
38 35

tiempo = 0.001681593 segundos

2.txt

12 24 32 0 36
32 23 20 32 18
37 46 64 24 63

tiempo = 0.001532102 segundos

3.txt

17 96 180
71 155 138
129 229 250

tiempo = 0.001494335 segundos

4.txt

104 79 132 142 72
118 60 94 112 27

tiempo = 7.68799E-4 segundos

5.txt

81 93 57 95
32 85 72 123
64 106 48 86

tiempo = 0.001373763 segundos

6.txt

60 63
36 63
34 56

tiempo = 0.001557256 segundos

7.txt

19 10 27 51
14 7 19 36
18 15 39 72
20 5 15 30
26 10 28 54
21 7 20 39

tiempo = 0.002268191 segundos

8.txt

64 56
66 72

tiempo = 7.787E-4 segundos

9.txt

148 148
127 142
134 154
86 121
149 149

tiempo = 0.002153798 segundos

10.txt

44 120 82 122 92 18
152 184 91 241 181 37
118 122 50 158 127 20
73 127 74 151 122 22
91 140 42 155 137 53

tiempo = 0.001029215 segundos

11.txt

57 198 59 122 66 79
69 180 88 96 51 28
10 58 46 27 15 6
16 136 76 111 27 44
30 210 93 152 57 85

tiempo = 0.001069093 segundos

12.txt

70 116
46 127
61 152
54 104

tiempo = 9.72264E-4 segundos

13.txt

79 157 99 74
74 117 78 9
120 200 71 39
85 155 81 72
140 248 105 69
86 193 143 78

tiempo = 0.001246364 segundos

14.txt

125 152
89 215
176 188
70 117
145 238
99 93

tiempo = 0.001746184 segundos

15.txt

64 90
24 21
48 76
48 76
52 71
70 91

tiempo = 0.001567444 segundos

16.txt

79 58 139
53 40 138
64 74 177
62 68 171

tiempo = 0.001093689 segundos

17.txt

6 21 20 33 27
24 59 60 92 73

tiempo = 5.98467E-4 segundos

18.txt

24 28
36 18
42 50
58 46
73 68
29 3

tiempo = 0.001421624 segundos

19.txt

38 58 75 19 45
33 49 54 14 33
43 95 123 35 72

tiempo = 8.42416E-4 segundos

20.txt

65 195 169
49 144 131
11 60 42
43 112 113

tiempo = 0.001000265 segundos

21.txt

91 47 67 91 86
108 34 103 147 101
54 27 41 67 67
64 9 76 115 54
66 6 72 93 66

tiempo = 0.001246432 segundos

22.txt

50 35 22 34 40 11
59 40 27 50 55 20
56 40 24 32 40 8
13 5 9 40 35 25
53 35 25 52 55 23
65 40 33 86 85 44

tiempo = 0.001396247 segundos

23.txt

24 64
90 63
40 59
96 58

tiempo = 9.22212E-4 segundos

24.txt

114 126 138 170 108 92
188 192 119 157 138 139
139 145 123 159 115 125
74 70 45 83 28 58
95 62 70 103 69 60
142 167 150 192 107 129

tiempo = 0.001047766 segundos

25.txt

45 42 47 42 54 78
81 96 106 67 139 161
54 51 45 50 81 81

tiempo = 6.28065E-4 segundos

26.txt

125 94 36 115
98 76 56 84
104 50 56 92

tiempo = 7.78544E-4 segundos

27.txt

58 79 56 25 44 31
59 87 54 29 44 27
6 48 72 38 42 60
59 87 96 36 65 69

tiempo = 0.002917495 segundos

28.txt

160 86 120 128
153 94 77 144
143 91 83 107
148 74 76 112

tiempo = 9.69669E-4 segundos

29.txt

135 161 110 96 41 109
81 85 56 66 15 23
106 108 96 94 73 90
158 169 129 129 67 108

tiempo = 0.001031971 segundos

30.txt

111 99
88 41
127 100
130 106

tiempo = 0.001080841 segundos

31.txt

87 168 112 215 125 117
100 117 99 162 109 95
111 200 142 265 112 136
81 88 68 137 122 88

tiempo = 9.16817E-4 segundos

32.txt

126 133
84 129

tiempo = 6.04097E-4 segundos

33.txt

20 10
9 37
17 41
10 44
26 52
20 36

tiempo = 0.001255108 segundos

34.txt

179 130 80 78 64
186 163 153 71 108
200 172 131 91 95
111 112 119 44 65
203 162 144 77 84

tiempo = 0.001161536 segundos

35.txt

131 120 81 145 119 126
60 45 35 67 59 52
137 107 70 143 132 141
69 58 41 71 50 54
137 117 82 154 136 134
89 56 35 75 57 74

tiempo = 0.001333363 segundos

36.txt

108 250 131 202 242 130
75 182 107 151 179 46
119 219 96 159 193 117
82 224 129 161 192 75

tiempo = 8.91331E-4 segundos

37.txt

63 128 71
126 134 76
180 207 150

tiempo = 8.4891E-4 segundos

38.txt

79 110 92 155
68 80 42 111
74 101 90 147
97 130 118 180
75 117 92 165

tiempo = 0.001020795 segundos

39.txt

47 47 52
41 41 36
35 35 36
31 31 28
27 27 28
45 45 36

tiempo = 0.00143984 segundos

40.txt

79 53 72 54 95 88
81 83 58 54 107 88

tiempo = 4.44315E-4 segundos

41.txt

88 133 141 61
91 131 132 50
54 78 76 20

tiempo = 7.12891E-4 segundos

42.txt

74 131 23 63 115
149 134 79 82 121
128 194 95 88 143

tiempo = 5.74888E-4 segundos

43.txt

151 193 271 227 76 80
76 80 139 181 59 57
87 81 133 179 114 30
109 177 237 159 46 75

tiempo = 7.74537E-4 segundos

44.txt

188 119 170 203 222
150 54 88 119 129
144 112 157 120 179
92 48 90 69 125
266 123 202 229 303

tiempo = 0.00139323 segundos

45.txt

43 86 98 96 107 99
46 79 99 88 100 87
32 40 67 68 61 70

tiempo = 6.49389E-4 segundos

46.txt

62 89 48 37 77 23
58 90 41 58 71 41
95 143 67 127 132 99
27 47 16 47 33 36

tiempo = 8.20323E-4 segundos

47.txt

87 111
43 71
54 100
106 124

tiempo = 0.001093978 segundos

48.txt

105 73 75
30 41 49
77 101 95
54 74 86
94 130 166

tiempo = 0.001352828 segundos

49.txt

92 59 43 78 38 65
137 79 113 118 78 81
181 112 69 144 89 152
84 35 53 82 50 47
64 15 58 72 46 20

tiempo = 0.001377854 segundos

50.txt

55 58 76
81 68 89
59 19 54
134 75 142
67 42 67
95 48 111

tiempo = 0.001445565 segundos

51.txt

95 47 60 60 46 89
145 79 84 85 97 135

tiempo = 6.32715E-4 segundos

52.txt

120 133 81 78
99 77 36 53
121 163 60 91
141 137 90 97
128 142 57 96
139 177 96 123

tiempo = 0.00139879 segundos

53.txt

61 96
61 96

tiempo = 4.42352E-4 segundos

54.txt

43 58
157 149

tiempo = 5.05513E-4 segundos

55.txt

0 0 0 0
0 41 51 64

tiempo = 7.34616E-4 segundos

56.txt

117 70 38
89 29 35
100 18 78
92 50 58
177 58 106
145 54 94

tiempo = 0.001477371 segundos

57.txt

60 107 103 117
97 146 86 111
22 47 74 75
62 98 90 100
64 88 63 72
40 67 66 73

tiempo = 0.001006716 segundos

58.txt

92 99 102
136 122 157

tiempo = 5.53305E-4 segundos

59.txt

30 34
65 74
50 54
70 75

tiempo = 0.001079528 segundos

60.txt

155 127 54 60 114
83 85 25 42 65
76 36 49 20 43
88 100 24 50 72
114 136 34 66 108
91 83 32 42 64

tiempo = 0.001185092 segundos

61.txt

6 29 27 27 33 28
24 56 48 48 52 62
36 60 48 48 46 73
24 32 24 24 20 42

tiempo = 9.16531E-4 segundos

62.txt

71 130
139 221
159 185

tiempo = 6.3335E-4 segundos

63.txt

79 42 53 71 56
156 114 129 145 96
61 57 63 58 34

tiempo = 5.53811E-4 segundos

64.txt

13 12
22 24
28 16
40 32
22 8
42 24

tiempo = 9.66604E-4 segundos

65.txt

90 134 83
85 183 78
129 195 95

tiempo = 6.41257E-4 segundos

66.txt

63 185 156 177
57 142 82 120
62 137 110 106
96 160 151 155

tiempo = 8.66867E-4 segundos

67.txt

109 102 109 61 125
165 131 187 159 195
157 105 108 107 164
140 155 194 95 222

tiempo = 0.001035339 segundos

68.txt

35 63 63
31 48 46
91 110 93
74 89 77

tiempo = 0.001376272 segundos

69.txt

93 117 72 93 92
75 93 45 74 85

tiempo = 5.50889E-4 segundos

70.txt

162 207 120
174 211 152
110 120 66
101 115 59

tiempo = 9.71861E-4 segundos

71.txt

98 47 102 99
70 38 88 90
88 52 70 88
33 13 55 45

tiempo = 7.8017E-4 segundos

72.txt

24 21 32 20 18 28
19 7 40 14 28 13

tiempo = 6.1311E-4 segundos

73.txt

234 61 135
144 49 80
214 68 110
98 29 51

tiempo = 7.78539E-4 segundos

74.txt

98 27 79 164
49 9 32 59

tiempo = 4.26174E-4 segundos

75.txt

90 68 89 61
59 37 61 48

tiempo = 4.62861E-4 segundos

76.txt

140 131 231 61
157 108 209 47
136 93 141 13
68 74 129 31

tiempo = 8.45788E-4 segundos

77.txt

52 79
63 132
81 140

tiempo = 5.7233E-4 segundos

78.txt

88 29 32 21
9 6 7 4

tiempo = 3.67258E-4 segundos

79.txt

60 40
56 16
94 20

tiempo = 5.9709E-4 segundos

80.txt

53 70 58 78
101 118 79 119

tiempo = 5.31989E-4 segundos

81.txt

46 57 61 53 99 64
78 80 34 71 72 54
67 78 58 65 99 43
102 103 21 114 85 104
63 60 20 55 47 55
33 43 35 58 78 75

tiempo = 9.21825E-4 segundos

82.txt

68 60 118 70 92 40
106 103 96 44 96 87
118 112 114 66 110 94
123 117 171 71 145 86
131 122 171 91 147 93

tiempo = 9.60497E-4 segundos

83.txt

31 78 33 46
64 96 62 84

tiempo = 4.40878E-4 segundos

84.txt

53 117
52 146

tiempo = 4.2971E-4 segundos

85.txt

5 40 10 20 45 10
47 61 14 38 23 19
74 88 20 56 26 28

tiempo = 6.18376E-4 segundos

86.txt

107 128 125 57 53 204
88 155 79 107 73 112
153 181 168 125 90 235
131 218 134 153 84 190

tiempo = 6.90825E-4 segundos

87.txt

56 79 81 80 60 49
24 83 53 104 60 53
36 112 79 121 78 67

tiempo = 5.74527E-4 segundos

88.txt

93 31 177 129 93 77
37 15 74 52 42 35
12 57 36 24 27 39
34 43 76 52 39 41
14 21 34 22 27 27

tiempo = 0.001073933 segundos

89.txt

49 58 45 72 48
70 67 48 81 54
32 19 10 21 14
63 27 9 27 18
36 26 16 30 20

tiempo = 8.80619E-4 segundos

90.txt

85 32
69 74
84 50
82 32
119 60

tiempo = 9.12848E-4 segundos

91.txt

0 12 27 21
63 97 45 28
0 28 63 49
49 91 70 49
7 25 37 28
63 85 18 7

tiempo = 8.75805E-4 segundos

92.txt

72 78 30 52 32
34 52 42 76 8
72 92 36 88 32

tiempo = 6.00127E-4 segundos

93.txt

22 62 67 46 32
45 115 106 107 92
29 104 83 112 50
54 153 138 137 98

tiempo = 7.41049E-4 segundos

94.txt

109 113 152 261 206
31 83 56 137 100
61 95 102 159 122
67 47 69 94 117
103 74 140 225 176

tiempo = 9.78132E-4 segundos

95.txt

77 113 84 103
13 36 40 26
33 95 86 85
49 128 138 105
55 103 106 72

tiempo = 8.76233E-4 segundos

96.txt

36 72 55 15 49
45 99 91 24 82
121 153 102 43 101
29 117 117 17 88
36 48 59 11 37

tiempo = 7.91507E-4 segundos

97.txt

52 12 34
17 5 19
66 50 62

tiempo = 4.9653E-4 segundos

98.txt

69 131 123 156
109 91 141 148
69 80 123 143
96 94 93 166

tiempo = 6.11843E-4 segundos

99.txt

90 126 99 81 90
30 56 47 37 52

tiempo = 3.22487E-4 segundos

100.txt

167 78
97 68

tiempo = 3.65981E-4 segundos

101.txt

56 35 54 40
60 49 52 64
82 74 67 72
112 99 101 46

tiempo = 7.67028E-4 segundos

102.txt

66 92 53 74 98 88
32 45 13 33 103 81
90 103 80 93 131 119

tiempo = 4.53421E-4 segundos

103.txt

13 13 8 6 9
41 38 25 24 27
85 81 52 46 57
44 43 27 22 30
40 32 24 32 24

tiempo = 7.36226E-4 segundos

104.txt

24 154 30 84
74 146 103 107
62 214 101 111
9 112 17 29
54 135 86 86

tiempo = 6.33034E-4 segundos

105.txt

36 103 116 49
20 93 90 63
0 56 40 56

tiempo = 4.25807E-4 segundos

106.txt

39 76
34 45
77 47
96 81
91 72

tiempo = 8.83462E-4 segundos

107.txt

74 69 45 15 12 6
88 102 56 42 44 50
94 103 53 43 32 20
104 149 50 103 74 51
52 108 19 103 76 60
94 125 59 67 68 78

tiempo = 0.001069662 segundos

108.txt

130 185
57 66

tiempo = 4.42951E-4 segundos

109.txt

193 104 88
211 122 107
218 111 82
198 106 107
73 34 56

tiempo = 8.19205E-4 segundos

110.txt

120 104 138 112
107 105 76 80
192 209 143 120
147 177 144 114
134 134 54 85

tiempo = 0.001424285 segundos

111.txt

92 35 181 62
183 102 195 156
87 52 156 72
149 85 117 145
173 113 69 172

tiempo = 6.62624E-4 segundos

112.txt

145 93 121 72 67
129 72 131 98 126
172 154 129 103 159
68 58 59 70 48
155 127 101 42 130
76 62 67 74 72

tiempo = 7.41012E-4 segundos

113.txt

85 40 92 30 52 72
154 134 192 97 190 172
107 128 157 87 193 126

tiempo = 4.62558E-4 segundos

114.txt

120 113 106 124 196
114 115 80 106 144
100 118 48 73 113

tiempo = 5.12476E-4 segundos

115.txt

84 37 78 104 158
204 95 56 95 185
78 41 20 115 113
135 63 66 121 148
77 37 46 134 125

tiempo = 7.27345E-4 segundos

116.txt

47 46 31 20
114 114 76 58

tiempo = 4.11055E-4 segundos

117.txt

93 48 69 92
67 80 29 75

tiempo = 4.09995E-4 segundos

118.txt

150 123
177 144
159 157
172 170

tiempo = 6.04379E-4 segundos

119.txt

63 99
56 75
0 15
56 87
49 78

tiempo = 6.96538E-4 segundos

120.txt

77 165 149 113 63 153
106 114 77 111 94 81
106 114 53 124 113 74
62 132 115 103 56 117

tiempo = 5.37343E-4 segundos

121.txt

36 27 81
14 36 54
14 21 53
0 18 14
12 30 38
20 60 64

tiempo = 7.9974E-4 segundos

122.txt

28 95 41 86 73 54
93 145 113 116 123 82
60 93 103 82 85 58
47 112 73 94 110 75
73 138 98 126 85 64

tiempo = 9.01667E-4 segundos

123.txt

72 64 78 90
36 64 95 117
72 72 92 108
18 18 23 27

tiempo = 7.98654E-4 segundos

124.txt

170 159
89 48
154 139
107 87
128 84

tiempo = 8.45534E-4 segundos

125.txt

70 83 128 67
104 75 89 55
38 73 80 25
74 69 56 25
150 106 136 80
131 115 148 74

tiempo = 9.34807E-4 segundos

126.txt

46 6 38 51 63 61
56 28 65 92 103 110
70 22 81 113 130 121
88 24 89 120 147 142
48 28 74 108 114 108
78 32 89 124 143 144

tiempo = 9.60216E-4 segundos

127.txt

54 81 85 88
82 87 109 92
30 62 82 67
65 134 111 126

tiempo = 7.041E-4 segundos

128.txt

44 46 46 12
74 65 82 48
64 64 68 24
74 73 79 30

tiempo = 5.32283E-4 segundos

129.txt

9 22 30 29 21 15
12 8 12 28 36 0
36 72 99 108 90 45

tiempo = 4.4637E-4 segundos

130.txt

28 120
27 117

tiempo = 3.34301E-4 segundos

131.txt

44 60
40 48

tiempo = 3.1774E-4 segundos

132.txt

76 72
16 32
32 72
44 86
98 87
86 79

tiempo = 7.07078E-4 segundos

133.txt

48 34 75 71 64 31
57 39 54 63 54 21
13 9 15 16 14 6
54 36 27 45 36 9
9 7 30 23 22 13
23 17 54 45 42 23

tiempo = 9.32502E-4 segundos

134.txt

121 113 105
130 74 107
115 101 90
123 86 94
140 79 105
117 72 99

tiempo = 7.35605E-4 segundos

135.txt

47 51 104
50 70 86
64 156 151

tiempo = 4.4387E-4 segundos

136.txt

237 139 184
114 105 136
132 155 121
118 87 122

tiempo = 6.5331E-4 segundos

137.txt

28 97 109 88 45
10 40 80 60 25
4 16 34 20 11
34 109 75 40 45
26 86 74 52 37

tiempo = 8.40411E-4 segundos

138.txt

45 42 69 138 81 63
64 65 41 138 120 97

tiempo = 3.46943E-4 segundos

139.txt

55 104 99
66 180 143
103 217 147
57 75 117

tiempo = 5.69757E-4 segundos

140.txt

66 32 16 54 42 20
109 45 40 86 56 29
95 45 56 76 34 22
113 41 72 86 32 23
113 41 72 86 32 23
117 92 40 107 77 39

tiempo = 7.89978E-4 segundos

141.txt

79 125
74 97
91 171
15 22
88 117
104 82

tiempo = 8.3797E-4 segundos

142.txt

66 104 93
66 74 47

tiempo = 4.02662E-4 segundos

143.txt

110 104 75
139 107 73
151 139 82
79 87 99
113 90 92
90 72 66

tiempo = 7.95576E-4 segundos

144.txt

131 140
69 85
115 124

tiempo = 3.97458E-4 segundos

145.txt

27 51 45 45 33
72 75 60 9 52

tiempo = 3.47233E-4 segundos

146.txt

34 92 61
48 39 58
44 38 42
50 55 51

tiempo = 5.58431E-4 segundos

147.txt

95 97 95
75 104 90
93 155 128

tiempo = 4.98942E-4 segundos

148.txt

89 53 33
88 48 40

tiempo = 5.39747E-4 segundos

149.txt

36 12 88 44 62 55
27 6 80 40 58 50
80 48 96 48 56 60

tiempo = 4.52192E-4 segundos

150.txt

65 46 33
111 84 111

tiempo = 4.10527E-4 segundos

151.txt

48 51
78 66
47 41
0 0
66 82
71 64

tiempo = 8.78882E-4 segundos

152.txt

105 93 144 96
143 84 141 121
55 67 99 54
120 29 66 103
48 67 96 37
80 22 48 74

tiempo = 0.001154016 segundos

153.txt

143 233 48 136 218
85 113 30 86 80

tiempo = 4.47012E-4 segundos

154.txt

97 64 93 18 114 102
127 100 120 26 136 86
109 70 105 31 119 72
134 76 141 30 149 92
175 79 160 62 164 94

tiempo = 9.27178E-4 segundos

155.txt

89 45
54 69

tiempo = 3.92171E-4 segundos

156.txt

37 22 82 25
107 50 39 74
143 23 83 47
51 6 31 27

tiempo = 6.26004E-4 segundos

157.txt

35 69 70 59
67 60 110 102
50 92 88 76
113 98 138 156
83 117 120 104

tiempo = 6.93469E-4 segundos

158.txt

58 47 85 61 69
76 104 86 92 135
57 82 73 83 94
54 71 56 58 89
100 71 144 96 90
102 92 101 73 77

tiempo = 0.001003286 segundos

159.txt

84 30 96
45 20 40
50 21 48

tiempo = 7.6188E-4 segundos

160.txt

41 34
78 39
96 72
0 0

tiempo = 7.43631E-4 segundos

161.txt

85 105
89 87

tiempo = 4.07377E-4 segundos

162.txt

185 127
150 130
51 62
145 128
99 96
75 61

tiempo = 8.20741E-4 segundos

163.txt

23 11 0 24 33 38
21 7 0 28 35 42
67 49 0 36 69 70
82 54 0 56 94 100

tiempo = 7.18458E-4 segundos

164.txt

70 121 114 85 94
58 54 98 88 38

tiempo = 4.07287E-4 segundos

165.txt

82 46 54 36
51 13 9 6
35 5 0 0
72 16 9 6
123 69 81 54

tiempo = 8.04142E-4 segundos

166.txt

58 86
38 66
52 84
0 0

tiempo = 8.29269E-4 segundos

167.txt

54 60
64 24
91 64
9 16
42 64

tiempo = 7.99752E-4 segundos

168.txt

2 5 9
8 12 17
6 15 27
48 80 121
40 60 85
34 53 77

tiempo = 0.001015967 segundos

169.txt

111 175 138
144 69 83
114 96 94
87 78 65
184 140 127
96 91 63

tiempo = 9.75249E-4 segundos

170.txt

125 57 41 29 76 105
84 44 17 36 84 55
127 53 96 77 129 99

tiempo = 5.93723E-4 segundos

171.txt

60 42
52 30
62 45
18 9
76 54

tiempo = 8.84806E-4 segundos

172.txt

192 224 197 106 169
60 95 85 35 90
82 149 110 66 108
82 137 124 57 120

tiempo = 7.2445E-4 segundos

173.txt

173 128
174 115
134 94

tiempo = 6.17857E-4 segundos

174.txt

87 81 75 108 81 48
49 55 45 60 55 32
134 90 86 172 138 104
121 65 71 157 113 90
54 54 38 68 78 56

tiempo = 7.93297E-4 segundos

175.txt

110 125 54 80
161 112 77 84
118 136 111 57
118 83 52 73
128 123 94 93

tiempo = 6.26966E-4 segundos

176.txt

78 42
190 74

tiempo = 4.4465E-4 segundos

177.txt

84 92 38 76
11 73 22 94
77 91 34 58

tiempo = 5.85066E-4 segundos

178.txt

83 8 40 8 8 47
51 24 32 24 24 31
58 16 32 16 16 34

tiempo = 5.70637E-4 segundos

179.txt

49 86 59
106 131 152
51 58 98

tiempo = 5.88697E-4 segundos

180.txt

69 97 101 127
79 43 86 78
144 49 180 164
106 32 117 90

tiempo = 6.27909E-4 segundos

181.txt

68 26 64 30 8 44
56 104 116 111 110 91
86 85 155 99 82 94
42 71 147 69 118 106
70 92 133 99 111 91

tiempo = 9.48834E-4 segundos

182.txt

47 45 50 46
66 89 92 83
75 161 77 145
79 149 89 137
79 89 87 87
53 124 64 109

tiempo = 0.001016319 segundos

183.txt

83 43
115 113
117 129
112 104
153 85

tiempo = 7.35175E-4 segundos

184.txt

6 22 22
19 69 73

tiempo = 4.03117E-4 segundos

185.txt

57 84 49 83 116 135
46 28 41 51 51 70
84 56 75 91 95 124

tiempo = 5.53663E-4 segundos

186.txt

0 12 16
10 66 82
15 36 34
10 36 35
40 66 33

tiempo = 7.73387E-4 segundos

187.txt

96 54
72 42
76 45
40 28
24 14

tiempo = 8.61474E-4 segundos

188.txt

30 27 39 108
146 72 123 117
144 97 143 171
81 77 110 151

tiempo = 6.45416E-4 segundos

189.txt

20 32 32 36
28 58 52 37

tiempo = 4.29984E-4 segundos

190.txt

66 39 72 97
6 34 21 15
51 9 45 68
67 39 75 108
79 32 81 121

tiempo = 8.32706E-4 segundos

191.txt

26 51 16 44 24
42 63 36 33 0
46 90 7 64 42
60 114 32 90 48
46 72 17 29 6

tiempo = 8.33334E-4 segundos

192.txt

81 175 56 152 168
87 154 74 126 164
44 71 32 58 72
101 146 66 121 171
93 153 87 87 134
151 208 101 207 233

tiempo = 0.001116397 segundos

193.txt

177 69
117 60
113 43
76 24
83 28
113 63

tiempo = 8.9771E-4 segundos

194.txt

81 103 97 140 110 148
78 89 92 98 117 144

tiempo = 3.51683E-4 segundos

195.txt

107 207 167 152 134 139
83 179 142 133 128 124
109 228 198 140 126 184

tiempo = 4.7039E-4 segundos

196.txt

111 97 79 173 116
13 65 11 80 62
61 75 62 113 51
82 68 31 129 127

tiempo = 6.10195E-4 segundos

197.txt

183 110 145 100
127 119 88 94
184 136 118 129
82 77 30 46
171 87 128 107
172 112 129 103

tiempo = 8.46915E-4 segundos

198.txt

106 54 77 82
146 92 103 161
188 158 151 187
152 113 123 147

tiempo = 5.88198E-4 segundos

199.txt

71 62 47 73 42 91
209 152 116 124 106 69
135 104 111 73 31 70
121 136 59 92 100 121
164 112 102 114 64 82

tiempo = 7.77206E-4 segundos

200.txt

44 153 95 72 114 149
34 144 79 71 95 149
38 143 101 43 99 134
26 88 92 30 81 110
59 157 132 80 153 179

tiempo = 8.6827E-4 segundos

201.txt

61 61 62 40
101 150 122 68

tiempo = 4.49179E-4 segundos

202.txt

80 46 68 35
118 101 136 61
55 76 79 31
102 110 118 91
143 172 203 132

tiempo = 8.04219E-4 segundos

203.txt

80 110 105 116 108
98 120 152 121 85

tiempo = 4.51758E-4 segundos

204.txt

57 134 108
149 129 103
175 181 171

tiempo = 6.93392E-4 segundos

205.txt

141 59 131 159 145 122
49 24 50 30 43 24
61 43 55 87 105 50

tiempo = 5.56292E-4 segundos

206.txt

156 126 116 96 79 145
156 117 111 86 78 142
122 140 74 53 96 94
125 160 97 84 80 107
160 95 125 98 41 152
132 80 116 104 12 132

tiempo = 0.001087882 segundos

207.txt

66 45 49 62
75 69 51 86
74 81 47 96
70 66 36 98
104 72 76 100

tiempo = 8.77226E-4 segundos

208.txt

54 62 69 71
56 48 32 57

tiempo = 4.067E-4 segundos

209.txt

7 38
86 38
75 52
58 40
37 18

tiempo = 8.34347E-4 segundos

210.txt

301 216 175 271 191 96
216 166 143 210 161 80
52 143 121 110 87 4
209 170 121 197 146 64

tiempo = 7.05882E-4 segundos

211.txt

69 100 14 117 53
9 30 6 27 15

tiempo = 3.74711E-4 segundos

212.txt

48 72 54 60 54 90
56 92 70 74 67 113
32 56 43 44 40 68
32 80 64 56 52 92

tiempo = 6.10252E-4 segundos

213.txt

45 22 37 45
120 43 76 120
52 19 54 52

tiempo = 5.18305E-4 segundos

214.txt

115 43 34 47
164 74 96 90
74 22 41 36
94 24 32 26

tiempo = 7.18212E-4 segundos

215.txt

168 113 52 47 133
97 69 26 27 76

tiempo = 4.14442E-4 segundos

216.txt

18 15
12 15
42 36

tiempo = 5.04511E-4 segundos

217.txt

96 54
84 50
72 42
60 22

tiempo = 5.64215E-4 segundos

218.txt

14 32 45 26 14
60 48 84 39 39
62 112 97 52 100
66 116 115 62 95
48 108 90 51 90
12 36 30 18 27

tiempo = 8.36557E-4 segundos

219.txt

128 74 138
134 144 194
186 162 221
92 88 80

tiempo = 6.42153E-4 segundos

220.txt

79 156 130 104
168 249 186 157

tiempo = 4.48935E-4 segundos

221.txt

170 86 148 69 171 44
162 164 173 100 227 120
241 173 227 129 287 114
123 76 137 52 157 76
107 122 130 72 170 89

tiempo = 7.66389E-4 segundos

222.txt

76 68 108
45 51 72
68 16 84

tiempo = 5.57978E-4 segundos

223.txt

58 63 87
50 56 26
44 48 60
34 38 20
26 27 75

tiempo = 7.4084E-4 segundos

224.txt

101 49 74 91 43 26
88 28 92 72 52 44
52 28 30 44 19 12
69 28 55 51 34 31
107 35 108 85 62 54
158 63 121 106 78 79

tiempo = 8.37694E-4 segundos

225.txt

171 144 141 160 178
139 132 77 134 121
173 164 159 204 218
112 108 106 86 98
207 180 170 209 217

tiempo = 7.28385E-4 segundos

226.txt

45 32 101 102 116 112
45 36 117 108 126 126
15 18 63 45 57 63
25 14 41 51 55 49

tiempo = 6.84545E-4 segundos

227.txt

72 54 80 31 54
127 104 101 28 42
64 50 68 25 42
88 84 58 8 0
89 70 85 29 48

tiempo = 7.19655E-4 segundos

228.txt

59 90
106 143

tiempo = 3.73937E-4 segundos

229.txt

138 53 50
179 58 46
135 30 20
191 72 57
136 62 52

tiempo = 7.07127E-4 segundos

230.txt

17 9 23 11 7 8
63 45 81 9 9 36
29 16 39 17 11 14
58 32 78 34 22 28
50 31 66 20 14 26

tiempo = 7.77973E-4 segundos

231.txt

56 70 18 49
88 84 12 56
107 165 20 121
110 91 24 41
117 58 14 40
65 104 10 57

tiempo = 9.08146E-4 segundos

232.txt

147 70 116 160 157
159 98 127 180 159
110 69 82 89 79
190 89 179 189 225

tiempo = 7.20607E-4 segundos

233.txt

108 122 67 74 77 81
40 27 19 79 80 6
71 99 62 34 42 45

tiempo = 6.679E-4 segundos

234.txt

153 175 220 97 126 120
233 275 256 148 260 200

tiempo = 3.82872E-4 segundos

235.txt

67 25
49 34
95 53

tiempo = 5.23871E-4 segundos

236.txt

17 72 36
12 60 22
32 70 42
24 32 26
37 81 49
9 74 24

tiempo = 0.001066686 segundos

237.txt

112 101 104 47
145 141 102 67
81 78 56 51
193 113 89 145
199 194 133 116
167 102 65 130

tiempo = 8.02848E-4 segundos

238.txt

125 112 74 125 111
99 114 100 127 127
64 70 39 112 74
105 112 78 163 122
155 168 126 241 185

tiempo = 6.55974E-4 segundos

239.txt

18 12 3 21 39 24
54 35 15 66 78 54

tiempo = 3.90687E-4 segundos

240.txt

66 58 70
26 28 25
36 48 30
4 2 5

tiempo = 6.13442E-4 segundos

241.txt

54 111 150 57 111
58 97 144 67 138

tiempo = 3.42356E-4 segundos

242.txt

80 112
17 105
56 106
41 95
59 107

tiempo = 7.32937E-4 segundos

243.txt

96 154 189 111 149
76 110 46 88 78

tiempo = 4.20837E-4 segundos

244.txt

67 61 81 101
150 102 141 172

tiempo = 3.55677E-4 segundos

245.txt

116 118
111 116

tiempo = 3.47005E-4 segundos

246.txt

12 52 88
9 107 122

tiempo = 3.63523E-4 segundos

247.txt

90 143 44 89
62 70 66 59
128 197 128 114
140 174 132 122

tiempo = 6.48934E-4 segundos

248.txt

40 4 35 41 15
112 43 60 128 43
76 50 61 61 71
88 10 58 56 32
83 85 60 71 98
51 69 35 64 69

tiempo = 8.0223E-4 segundos

249.txt

54 24 42 45
46 14 14 34
58 17 7 37
60 23 21 39

tiempo = 5.52145E-4 segundos

250.txt

64 56
99 94
111 102
47 46
113 106

tiempo = 7.85226E-4 segundos

251.txt

12 51 44 23 46
66 108 82 72 137
73 39 21 52 84
61 72 65 51 67
39 30 19 31 53

tiempo = 7.27684E-4 segundos

252.txt

144 129 80 131 84
70 79 17 85 93

tiempo = 3.57293E-4 segundos

253.txt

65 106 31 46 78 132
71 65 37 41 85 70

tiempo = 3.70608E-4 segundos

254.txt

82 74 52
63 61 67
106 97 90
73 71 85
107 99 82

tiempo = 7.28796E-4 segundos

255.txt

82 45 30 47
46 13 6 19

tiempo = 4.04627E-4 segundos

256.txt

52 181 81
88 121 89
51 84 59
36 129 57
50 152 94
59 152 76

tiempo = 7.63626E-4 segundos

257.txt

123 154 92 141 82
92 93 78 105 58
65 44 18 89 68
111 169 97 179 117

tiempo = 5.68883E-4 segundos

258.txt

18 39
8 40
10 26
16 56

tiempo = 7.37232E-4 segundos

259.txt

73 113 73 48 79 129
62 89 57 52 151 109
48 58 34 32 58 72
84 195 153 68 125 175
79 114 72 46 50 132

tiempo = 7.4228E-4 segundos

260.txt

12 22 12 37 44
12 22 12 37 44
0 0 0 0 0
16 20 44 26 68
8 16 4 28 28

tiempo = 0.001002886 segundos

261.txt

27 24
99 75
142 120

tiempo = 6.36111E-4 segundos

262.txt

84 77
38 37

tiempo = 3.78226E-4 segundos

263.txt

48 68 57 73 42 39
28 46 86 91 92 26
79 115 114 111 93 58

tiempo = 5.44304E-4 segundos

264.txt

116 110 84
85 146 75
39 62 130
62 116 128

tiempo = 5.27224E-4 segundos

265.txt

84 102 104
99 142 157

tiempo = 4.38149E-4 segundos

266.txt

165 114 126 165 80
161 96 127 156 102
226 123 207 201 144

tiempo = 4.64533E-4 segundos

267.txt

3 3 4
61 45 16
41 39 6
101 57 36
20 24 16
93 45 36

tiempo = 0.001239816 segundos

268.txt

143 113 144 146 155 179
110 51 124 117 91 172
44 57 54 53 59 54
73 73 104 91 85 121
120 49 111 123 84 153

tiempo = 8.40092E-4 segundos

269.txt

108 146 202 133 183
139 163 222 138 221
84 119 182 131 159
105 156 190 142 191
28 48 67 32 29
126 177 229 139 205

tiempo = 9.85913E-4 segundos

270.txt

76 66
50 52
61 77
37 45

tiempo = 6.3216E-4 segundos

271.txt

81 108 18 72 135 108
39 54 8 34 63 54
48 69 9 41 75 69
6 6 2 6 12 6
63 84 14 56 105 84
21 30 4 18 33 30

tiempo = 8.98765E-4 segundos

272.txt

164 118 172 135
180 92 173 142
117 102 136 105
112 34 75 100

tiempo = 6.17654E-4 segundos

273.txt

99 187 146 215
69 156 117 146
16 37 46 42
47 115 99 138
69 98 94 121

tiempo = 7.38751E-4 segundos

274.txt

27 48 15
19 12 15
35 54 25
64 48 60
55 36 45

tiempo = 6.58997E-4 segundos

275.txt

61 64
59 142
119 163
93 113

tiempo = 5.52022E-4 segundos

276.txt

10 87 114
16 67 84
34 109 98
52 82 90

tiempo = 7.04896E-4 segundos

277.txt

65 46 71 50
71 125 127 80
100 119 106 66
63 117 108 54

tiempo = 6.33443E-4 segundos

278.txt

103 100 53 53 56
82 92 45 56 49
90 62 35 36 43
89 99 52 49 51

tiempo = 6.15201E-4 segundos

279.txt

63 112 97 98 92
74 125 107 119 96
124 204 211 156 217
53 114 119 65 117
90 137 146 93 153

tiempo = 7.82274E-4 segundos

280.txt

52 115 65
41 88 56

tiempo = 3.8056E-4 segundos

281.txt

127 127 112
139 133 118
125 107 106
36 40 32
93 63 78
61 60 45

tiempo = 8.8444E-4 segundos

282.txt

6 42 54 12 48 48
10 52 72 29 89 44
13 75 101 34 112 72

tiempo = 5.40923E-4 segundos

283.txt

98 122
150 178
126 170
160 157
161 181
99 153

tiempo = 0.001008178 segundos

284.txt

74 97 55 53
14 40 16 2
40 89 55 23
68 121 71 43
56 106 54 30
63 120 52 29

tiempo = 8.916E-4 segundos

285.txt

101 128 91
153 63 186

tiempo = 3.47783E-4 segundos

286.txt

79 82 99
81 96 83
184 140 162
171 124 147
197 160 161

tiempo = 7.09882E-4 segundos

287.txt

114 112
128 125
111 117
51 64

tiempo = 5.75848E-4 segundos

288.txt

93 117 65
40 88 72
25 25 25
137 173 109

tiempo = 5.64889E-4 segundos

289.txt

100 49 109 25 20
109 61 74 25 34

tiempo = 3.76648E-4 segundos

290.txt

206 144
129 100
194 135
157 127
52 44

tiempo = 8.36058E-4 segundos

291.txt

16 32
8 16

tiempo = 3.74805E-4 segundos

292.txt

48 84
64 108
34 54
5 9

tiempo = 6.19923E-4 segundos

293.txt

13 8 8 10 8 6
162 89 63 103 60 74
117 77 34 83 59 52
28 22 4 22 18 12
60 43 8 43 31 26

tiempo = 6.97545E-4 segundos

294.txt

20 34 26 12
71 85 68 67
72 76 61 115
80 109 87 108
17 50 38 34

tiempo = 6.5986E-4 segundos

295.txt

36 22 18 57
10 6 4 13
12 8 12 36
34 22 28 85

tiempo = 5.66125E-4 segundos

296.txt

27 27 36
6 18 15
30 54 54

tiempo = 4.71123E-4 segundos

297.txt

145 104
184 143
147 134
109 99
125 115

tiempo = 8.58429E-4 segundos

298.txt

32 8
43 12
76 29
88 32

tiempo = 6.41671E-4 segundos

299.txt

93 110 116 83
145 138 112 90
109 94 94 71

tiempo = 5.06653E-4 segundos

300.txt

117 102 159 96 150 69
183 110 242 155 175 149
67 21 101 94 80 73
121 54 181 77 123 111
92 60 119 90 94 74
129 96 180 98 154 89

tiempo = 8.1901E-4 segundos

301.txt

83 151
76 149
16 68
78 103

tiempo = 6.21772E-4 segundos

302.txt

136 30 100 142 93
67 25 66 86 54
206 91 151 244 132
95 64 93 140 71
101 76 57 131 50
133 32 73 118 62

tiempo = 7.73642E-4 segundos

303.txt

147 162 129 66 134 173
155 208 127 114 143 205
134 148 105 65 124 152
131 176 131 102 125 177
69 93 62 26 102 96
71 133 57 71 99 126

tiempo = 8.4087E-4 segundos

304.txt

62 77 74
177 106 100
92 60 46

tiempo = 4.68958E-4 segundos

305.txt

155 48 49 102
163 99 75 131
127 100 53 104

tiempo = 6.22134E-4 segundos

306.txt

57 108 64 141 76 139
63 102 98 165 80 137
35 40 50 73 12 54
61 60 124 139 22 75
97 129 137 210 71 162
76 118 86 153 30 140

tiempo = 9.07224E-4 segundos

307.txt

124 117 160 181 171
142 149 149 198 164
144 100 148 178 154
90 74 90 128 70

tiempo = 6.11837E-4 segundos

308.txt

63 105
40 57
79 102

tiempo = 4.7929E-4 segundos

309.txt

58 38 139 71 33 90
74 58 81 44 42 72

tiempo = 4.04601E-4 segundos

310.txt

50 73 70
51 94 121

tiempo = 4.03622E-4 segundos

311.txt

48 48 33 36 102 105
12 48 24 36 30 42

tiempo = 6.7196E-4 segundos

312.txt

59 8 40 66 74 57
92 5 74 78 83 54
9 0 8 6 6 3
31 1 26 24 25 15
45 9 26 60 69 57
62 2 52 48 50 30

tiempo = 8.96819E-4 segundos

313.txt

19 19 18 33 31 14
59 57 30 87 85 52
29 37 18 45 33 14

tiempo = 5.54274E-4 segundos

314.txt

192 245 219 197
107 175 153 167
96 106 87 93
108 132 121 81
162 200 157 157
130 161 137 125

tiempo = 8.30734E-4 segundos

315.txt

33 20 47 29 6
99 51 147 123 9
36 23 42 32 9
72 36 104 96 6

tiempo = 5.97773E-4 segundos

316.txt

63 67 15 32 67
0 9 18 9 9
81 84 15 39 84

tiempo = 4.43471E-4 segundos

317.txt

110 72
115 104
108 91
71 42

tiempo = 7.31422E-4 segundos

318.txt

60 36 59 47
172 103 113 155
163 82 167 98
117 61 36 103
96 54 93 69
112 82 92 104

tiempo = 9.55476E-4 segundos

319.txt

18 45 72 18 9
6 30 42 15 12
0 40 48 24 24
4 55 70 31 29
8 45 62 23 19
12 60 84 30 24

tiempo = 8.17839E-4 segundos

320.txt

143 144 115
67 92 117

tiempo = 3.66871E-4 segundos

321.txt

48 0 36 30 42 30
8 0 6 5 7 5
32 0 24 20 28 20

tiempo = 4.5662E-4 segundos

322.txt

8 20 24
4 10 12
75 102 58
61 79 50

tiempo = 6.49239E-4 segundos

323.txt

123 162 173
118 117 158
38 42 58
100 61 112

tiempo = 6.57976E-4 segundos

324.txt

60 95 61 38
162 196 181 153
127 167 142 129
154 167 159 119
130 135 92 112
38 103 58 66

tiempo = 7.97593E-4 segundos

325.txt

100 122 144 124 138
99 165 150 108 111
37 90 88 78 84

tiempo = 5.21964E-4 segundos

326.txt

50 33
14 15
26 27
42 27
40 24
26 21

tiempo = 9.24896E-4 segundos

327.txt

21 24
91 76

tiempo = 3.66007E-4 segundos

328.txt

187 94
123 78
149 100
55 72

tiempo = 7.42838E-4 segundos

329.txt

48 60 37
78 105 87
78 100 80
73 68 33
75 77 36

tiempo = 9.06145E-4 segundos

330.txt

47 80 60 95 58
134 156 158 212 113
66 63 88 143 41
82 101 94 109 96
16 61 34 91 38

tiempo = 7.74675E-4 segundos

331.txt

109 122 74 80 96 110
76 6 70 16 34 56
106 107 86 84 111 116
151 92 112 96 110 122

tiempo = 5.93627E-4 segundos

332.txt

60 72 76
203 160 153
128 83 112
97 86 66
130 111 123
177 98 148

tiempo = 8.74088E-4 segundos

333.txt

112 170 152 103 86 125
167 138 148 132 96 125
69 53 73 27 24 66

tiempo = 5.09179E-4 segundos

334.txt

66 50 113 95
48 45 96 92
86 56 138 144
46 24 110 124
41 28 128 133
110 68 138 120

tiempo = 8.96939E-4 segundos

335.txt

6 19 3
24 88 24
18 75 27
3 29 21
3 20 12

tiempo = 6.87949E-4 segundos

336.txt

101 64 127
68 100 189

tiempo = 4.1178E-4 segundos

337.txt

35 100 111 125
37 133 143 137
33 57 66 72
25 98 75 111

tiempo = 6.35692E-4 segundos

338.txt

37 100 112 63 131
12 34 38 22 40

tiempo = 3.48975E-4 segundos

339.txt

28 18 56 32 70 46
72 36 105 69 135 105
28 10 60 36 58 58
94 43 79 67 130 104

tiempo = 6.59936E-4 segundos

340.txt

18 89 3
42 55 0
16 12 2
18 35 0
32 38 7
6 79 3

tiempo = 0.001101512 segundos

341.txt

15 54 59 90 61 51
40 51 63 95 59 106
27 4 8 36 17 60
62 156 197 151 110 160
60 124 162 146 118 149

tiempo = 6.79638E-4 segundos

342.txt

59 36 100 49
170 54 148 92
145 61 131 68

tiempo = 4.88853E-4 segundos

343.txt

12 28
30 49
63 0
66 28
21 7

tiempo = 7.08867E-4 segundos

344.txt

96 136 74 78
82 73 67 57
28 36 23 24
36 48 24 21
76 78 59 51

tiempo = 6.1638E-4 segundos

345.txt

68 109 102 74 69 117
78 118 116 88 78 134

tiempo = 4.73591E-4 segundos

346.txt

173 107 63 109
186 120 102 88
172 118 88 99
194 104 72 134

tiempo = 6.37448E-4 segundos

347.txt

43 72 45 61 30 77
28 40 52 36 16 36
144 153 153 126 72 144
90 94 121 80 43 82

tiempo = 7.08918E-4 segundos

348.txt

71 121 79 108 40
126 126 154 118 80
77 74 87 42 43
113 131 149 142 62

tiempo = 5.98478E-4 segundos

349.txt

34 82
67 73
121 65

tiempo = 5.26673E-4 segundos

350.txt

129 165 173 140 165
181 184 164 108 208
84 67 22 30 69
65 88 92 68 74

tiempo = 6.10883E-4 segundos

351.txt

74 72 28 52
91 106 30 62
14 35 0 7
86 86 32 60

tiempo = 6.152E-4 segundos

352.txt

120 95 105 74 120
92 42 36 54 80
210 105 108 153 186
166 107 108 98 153
125 100 105 96 155

tiempo = 7.00768E-4 segundos

353.txt

156 152 78 60 80 57
92 76 34 34 40 42
108 92 48 50 80 85

tiempo = 6.10296E-4 segundos

354.txt

196 177 214 181 134
90 113 100 144 82
90 75 98 77 56
139 124 140 121 93
114 103 118 116 74
148 123 161 136 87

tiempo = 9.09794E-4 segundos

355.txt

86 82 108 89 52
136 133 193 172 128
140 144 257 181 218
124 119 213 132 144
34 71 152 92 153
128 108 146 124 113

tiempo = 7.59946E-4 segundos

356.txt

83 27 90 36
50 84 18 12

tiempo = 2.94073E-4 segundos

357.txt

8 1 7
112 93 123
96 69 101
30 6 28
21 65 35

tiempo = 9.23855E-4 segundos

358.txt

97 108 101 32 116 111
39 89 18 87 106 59
104 130 97 27 89 122

tiempo = 5.9201E-4 segundos

359.txt

27 24 85
56 53 110
82 87 127

tiempo = 6.38014E-4 segundos

360.txt

76 38 70 31
98 38 109 38
94 47 77 51
44 22 42 16
70 13 85 47
68 12 78 53

tiempo = 8.5744E-4 segundos

361.txt

8 9 13
72 79 111
0 8 24
32 42 70
40 37 41

tiempo = 7.88443E-4 segundos

362.txt

72 48
63 45
63 21
29 15

tiempo = 6.38987E-4 segundos

363.txt

15 42 48 66 48 18
10 27 23 41 33 13
12 30 6 42 42 18

tiempo = 5.80692E-4 segundos

364.txt

2 22 32 35
4 8 28 7

tiempo = 4.36219E-4 segundos

365.txt

38 62 4 55 49
38 34 12 32 14
52 48 16 45 21

tiempo = 5.80948E-4 segundos

366.txt

85 91 109 162 68 78
111 140 148 175 119 61
88 87 97 135 67 51

tiempo = 7.54597E-4 segundos

367.txt

70 70 66 56
131 146 132 112
60 84 102 69
93 84 142 136
65 90 100 83
80 56 92 99

tiempo = 7.83256E-4 segundos

368.txt

145 95 107 117 20 171
136 86 84 122 32 136
79 59 40 75 26 87
98 61 94 80 34 124
130 58 90 102 28 130
92 76 71 86 32 116

tiempo = 0.001065106 segundos

369.txt

113 51
106 66
101 117
76 138
107 95

tiempo = 6.57041E-4 segundos

370.txt

163 27 81 124
173 32 95 128

tiempo = 3.90261E-4 segundos

371.txt

66 45
96 127
93 100
82 108
70 107
50 78

tiempo = 8.37394E-4 segundos

372.txt

49 46 41 62 56
8 12 2 14 12
17 20 10 25 22

tiempo = 5.13472E-4 segundos

373.txt

62 131
105 104

tiempo = 3.68482E-4 segundos

374.txt

9 72 54 36 45
21 49 49 21 42
4 32 24 16 20
29 79 75 35 64
33 128 110 60 93

tiempo = 6.9946E-4 segundos

375.txt

150 108
143 182

tiempo = 3.13603E-4 segundos

376.txt

86 63 129
53 68 92
72 60 77

tiempo = 5.02352E-4 segundos

377.txt

122 41 197 85 123
122 38 177 55 99

tiempo = 4.12035E-4 segundos

378.txt

81 59
64 48
121 91
81 63
71 53

tiempo = 8.42819E-4 segundos

379.txt

60 21 60 51 48
48 6 48 54 12

tiempo = 3.44228E-4 segundos

380.txt

60 60 58 33
48 78 62 75
85 63 70 51
56 80 96 72
74 59 84 95

tiempo = 7.844E-4 segundos

381.txt

25 94
25 112
15 60
20 59
0 0

tiempo = 8.01071E-4 segundos

382.txt

12 48 27 41
24 89 52 77
90 168 111 147
16 16 6 10
2 6 8 8
2 34 16 28

tiempo = 7.80532E-4 segundos

383.txt

21 32
40 31
31 38

tiempo = 6.7579E-4 segundos

384.txt

190 170 208 64 78
139 72 90 94 113
130 143 167 74 103
72 44 62 46 47
81 117 138 108 113
181 178 202 120 151

tiempo = 8.93039E-4 segundos

385.txt

26 46 22 15 32 12
40 78 34 31 68 32
63 132 54 63 138 66
46 95 39 38 86 48

tiempo = 6.68008E-4 segundos

386.txt

85 57 117 115 116
112 82 205 188 159
86 87 177 118 144

tiempo = 5.4958E-4 segundos

387.txt

151 182 112 191 139
146 118 100 188 87
151 119 125 156 95

tiempo = 4.78709E-4 segundos

388.txt

113 168 138 144 125 105
158 165 123 155 143 131

tiempo = 3.30523E-4 segundos

389.txt

100 144
70 113

tiempo = 3.47935E-4 segundos

390.txt

52 67 27 51
44 77 21 61
23 62 9 51
38 68 18 54
42 30 24 20

tiempo = 6.71161E-4 segundos

391.txt

187 160 179 155 192 169
161 158 171 153 178 158
173 130 180 130 175 121

tiempo = 4.60379E-4 segundos

392.txt

160 122
83 101
91 90
58 41
139 102

tiempo = 7.01469E-4 segundos

393.txt

42 46 64 45
49 90 105 9
45 59 80 45
63 92 113 27
47 83 110 18

tiempo = 6.95002E-4 segundos

394.txt

59 62
33 42

tiempo = 3.2121E-4 segundos

395.txt

90 76 102 79 84
102 99 86 103 114
129 108 151 92 114
118 79 82 84 90
117 116 147 112 118

tiempo = 9.3428E-4 segundos

396.txt

86 151 161 164
60 92 121 79
66 143 140 145

tiempo = 4.96821E-4 segundos

397.txt

137 24 134 108 26 64
198 47 218 137 90 111
195 39 165 166 63 83

tiempo = 4.90172E-4 segundos

398.txt

98 84 74 108 40 39
90 162 99 124 76 130

tiempo = 3.2299E-4 segundos

399.txt

122 94 163 71
104 33 93 51
124 67 136 85
108 48 99 60
116 111 210 81

tiempo = 7.12428E-4 segundos

400.txt

52 55 42 43 106 117
79 52 58 81 47 68

tiempo = 4.31164E-4 segundos

401.txt

82 101 102 103 79 53
132 133 133 155 148 104
103 117 134 139 114 93
80 156 133 205 128 80

tiempo = 7.61521E-4 segundos

402.txt

91 111 99 86 104 112
80 64 72 64 96 64
59 77 58 56 76 82
25 23 18 20 36 26

tiempo = 6.15197E-4 segundos

403.txt

126 112 154 134 164
89 135 178 188 171

tiempo = 4.71418E-4 segundos

404.txt

124 169
78 186
68 79
140 266
108 134

tiempo = 7.54365E-4 segundos

405.txt

57 144 130 50 30 65
11 27 25 10 5 10

tiempo = 3.63304E-4 segundos

406.txt

40 54 37 22 103 81
80 0 40 64 72 88
20 0 10 16 18 22

tiempo = 6.06717E-4 segundos

407.txt

118 156 20 157
50 150 59 126
131 216 54 196
88 152 27 156

tiempo = 6.07467E-4 segundos

408.txt

38 5
126 76
122 45
78 44

tiempo = 6.23693E-4 segundos

409.txt

65 64 46 22 89 51
83 102 87 25 152 92

tiempo = 3.74308E-4 segundos

410.txt

46 32
173 190
113 129
138 137
136 107

tiempo = 7.74816E-4 segundos

411.txt

42 56 20 4 38
100 96 50 40 75
75 94 40 20 70
21 28 10 2 19

tiempo = 5.0233E-4 segundos

412.txt

144 78 30
186 82 81
83 35 65
172 76 108

tiempo = 6.48462E-4 segundos

413.txt

171 78 123 83 74
170 94 126 134 83
158 107 149 63 79

tiempo = 5.55487E-4 segundos

414.txt

70 125 89 136
58 90 49 58
128 160 118 151
184 158 105 73
182 218 147 147

tiempo = 9.17655E-4 segundos

415.txt

147 154
164 104
157 119
176 127

tiempo = 6.73499E-4 segundos

416.txt

23 67 10 29
32 92 28 44
48 124 71 70
39 127 16 53
31 83 35 43

tiempo = 6.44026E-4 segundos

417.txt

88 48
89 70
166 135
79 74
75 58

tiempo = 6.44186E-4 segundos

418.txt

40 66 165 111 72
54 116 222 154 118
40 73 117 59 95
40 120 151 93 122
40 67 143 79 103

tiempo = 7.05723E-4 segundos

419.txt

65 101 66
67 47 37

tiempo = 3.39583E-4 segundos

420.txt

10 2 18 10
73 36 99 79

tiempo = 3.39277E-4 segundos

421.txt

186 112 144 148
197 133 149 185
210 153 160 190
149 89 133 147
128 108 83 122
127 100 109 155

tiempo = 7.99347E-4 segundos

422.txt

117 58 30
129 92 42
143 88 50
136 110 68
98 42 16

tiempo = 6.0868E-4 segundos

423.txt

93 162 220 121 123 125
45 122 102 87 79 85
69 158 148 125 109 107
77 164 170 121 102 78
66 211 173 126 125 107
53 86 116 91 92 117

tiempo = 7.46869E-4 segundos

424.txt

61 10 44 55 2 50
36 8 24 36 0 32
9 2 6 9 0 8
119 14 91 98 7 91
56 0 49 35 7 35
27 6 18 27 0 24

tiempo = 6.66124E-4 segundos

425.txt

40 72 120 135 58 56
87 161 159 179 112 73
28 22 58 82 66 62

tiempo = 4.49932E-4 segundos

426.txt

75 5 98 52 114 69
112 13 144 131 147 93
69 11 122 93 136 63

tiempo = 4.60968E-4 segundos

427.txt

12 34
4 10
34 61
20 60
18 47

tiempo = 7.27137E-4 segundos

428.txt

116 108 92 100
96 146 84 105
85 93 72 74
76 114 66 83

tiempo = 5.43254E-4 segundos

429.txt

96 48 72 48 28
72 91 47 30 59

tiempo = 4.73488E-4 segundos

430.txt

39 59 100 9
19 52 103 8
56 23 75 29
91 78 124 22

tiempo = 6.31162E-4 segundos

431.txt

37 14
50 24
76 44
76 44

tiempo = 5.68346E-4 segundos

432.txt

9 2 81 38 20
57 50 109 56 28
16 83 81 93 16
22 19 61 31 14

tiempo = 6.21245E-4 segundos

433.txt

48 100 60 40
12 16 14 6
42 83 52 33
48 118 62 48

tiempo = 6.26835E-4 segundos

434.txt

86 51 70 94 101 90
78 65 59 95 74 69

tiempo = 3.69426E-4 segundos

435.txt

126 129 96 104
170 167 120 117
121 70 84 85
184 177 128 115
102 119 100 125
90 119 80 93

tiempo = 9.2152E-4 segundos

436.txt

107 21 117 53 124 38
156 54 190 79 177 56

tiempo = 3.8936E-4 segundos

437.txt

98 96 85 147 102
20 28 11 33 17
14 21 14 28 13

tiempo = 4.39264E-4 segundos

438.txt

64 36 4
40 28 4
18 17 3
36 23 3
42 47 9
66 44 6

tiempo = 8.67223E-4 segundos

439.txt

75 54 66 53 83 82
133 92 111 81 128 139
86 72 105 81 81 154
48 29 82 46 78 44
111 76 73 50 72 120

tiempo = 7.11515E-4 segundos

440.txt

86 89 126
108 84 117
62 45 54
48 52 72
24 24 36

tiempo = 6.27323E-4 segundos

441.txt

93 18 129 63 120
122 39 149 77 166
122 43 164 115 157

tiempo = 4.30615E-4 segundos

442.txt

81 76 81 138
100 97 26 77
130 95 58 123
158 152 151 268
106 131 46 134
101 83 109 155

tiempo = 0.001111631 segundos

443.txt

7 20
0 0
14 48
7 52

tiempo = 6.62642E-4 segundos

444.txt

67 64 92 84
99 21 50 104
183 95 124 181
225 104 183 246
136 75 100 121

tiempo = 8.34969E-4 segundos

445.txt

161 113 169
132 85 141
98 41 94
100 85 83

tiempo = 7.60299E-4 segundos

446.txt

72 18 45 45
60 22 36 42
48 40 24 48

tiempo = 5.99854E-4 segundos

447.txt

154 137
231 157

tiempo = 5.71942E-4 segundos

448.txt

123 61 113 155
101 97 99 135
73 91 63 106
59 66 75 97

tiempo = 7.30604E-4 segundos

449.txt

232 130 141
137 82 63
197 128 127
188 102 69

tiempo = 8.91261E-4 segundos

450.txt

0 34 43 8 40 3
0 84 128 72 64 27
0 68 106 64 48 24
0 24 28 0 32 0

tiempo = 7.99286E-4 segundos

451.txt

110 75
126 120
142 120
75 50
139 149

tiempo = 8.23026E-4 segundos

452.txt

24 56 38 42 40
48 88 72 64 56
36 42 50 28 18
36 54 52 38 30
24 56 38 42 40

tiempo = 0.001220921 segundos

453.txt

135 129 121 157
120 136 103 161
101 116 87 119
159 119 142 155
119 66 121 122

tiempo = 8.64471E-4 segundos

454.txt

105 117 92
109 130 128
109 86 112
68 68 130

tiempo = 7.75984E-4 segundos

455.txt

52 97 77 52 105 30
34 88 68 43 91 22
42 44 82 60 82 32
88 133 131 70 113 26
25 91 41 19 66 8

tiempo = 8.59064E-4 segundos

456.txt

87 41 31 71
75 63 16 37

tiempo = 4.24972E-4 segundos

457.txt

45 55 49 13 48 48
13 16 15 4 14 15
59 73 71 19 64 72
20 30 64 18 28 78
3 6 21 6 6 27

tiempo = 9.06554E-4 segundos

458.txt

93 133 141 152 62 40
52 50 57 66 20 16

tiempo = 3.91234E-4 segundos

459.txt

102 87
82 90
64 83

tiempo = 6.24202E-4 segundos

460.txt

110 143 170 89 123
145 151 182 67 131
92 136 146 63 72
160 210 242 107 153

tiempo = 6.0257E-4 segundos

461.txt

89 41 86 57
47 20 19 29
51 24 67 33
56 26 14 36
79 37 74 51

tiempo = 7.3621E-4 segundos

462.txt

112 105 34 62
74 65 34 54
193 154 89 126

tiempo = 6.55193E-4 segundos

463.txt

93 94 27 82 68 73
57 21 15 32 34 44
116 140 61 88 128 84
168 166 83 148 147 99

tiempo = 7.07884E-4 segundos

464.txt

51 78 48
13 20 13

tiempo = 4.00764E-4 segundos

465.txt

113 53 48 58 80 111
105 92 107 89 106 130

tiempo = 4.03003E-4 segundos

466.txt

57 119 70 78 107 45
124 204 102 198 169 102
50 132 74 119 126 76
85 156 81 130 112 80
98 136 62 145 159 79

tiempo = 7.03701E-4 segundos

467.txt

128 118 112
110 98 90
126 109 102
61 44 36
115 103 94

tiempo = 7.11686E-4 segundos

468.txt

60 26 62 39
68 84 52 48
127 121 91 71

tiempo = 6.21684E-4 segundos

469.txt

99 48 81 93 123
99 48 81 93 123
34 15 24 33 52
111 57 99 102 117
61 30 51 57 73

tiempo = 9.06329E-4 segundos

470.txt

59 51 70 103 53 40
80 40 70 129 85 39
107 38 62 119 72 60
140 54 99 199 136 61
79 72 112 188 111 53
72 26 37 74 43 36

tiempo = 9.01632E-4 segundos

471.txt

118 98 23 60 103
118 104 19 85 126

tiempo = 4.40025E-4 segundos

472.txt

119 86 71
80 100 101
109 75 88
177 114 88
127 81 59
172 106 88

tiempo = 8.45717E-4 segundos

473.txt

83 146 96
26 85 57
111 163 121
19 33 36
18 26 18
43 101 85

tiempo = 9.6306E-4 segundos

474.txt

52 38
50 22
89 76

tiempo = 5.9615E-4 segundos

475.txt

111 110 141 119
123 111 157 125
56 24 82 90
107 107 113 105

tiempo = 8.4491E-4 segundos

476.txt

182 35
192 22
137 30
122 49
238 101

tiempo = 8.76565E-4 segundos

477.txt

114 138 68
163 176 118
132 127 133
149 174 106
60 81 54

tiempo = 8.12912E-4 segundos

478.txt

77 70
34 26
65 64
86 79
9 9
4 2

tiempo = 0.001114869 segundos

479.txt

83 131 67 141
66 82 69 74
32 49 43 104
12 34 22 55
9 58 29 75
68 111 74 139

tiempo = 0.001364756 segundos

480.txt

33 110 138 34 68
8 40 53 19 33
19 126 139 37 73
12 125 129 34 68
15 72 86 24 46

tiempo = 0.001024902 segundos

481.txt

268 144 211 240
134 67 103 115
120 63 123 122
183 95 118 172
242 124 151 184
159 65 138 124

tiempo = 0.001382864 segundos

482.txt

83 59 50 65 77
136 128 159 212 169
164 184 198 228 252
71 77 122 85 130
85 90 90 101 134

tiempo = 0.001108677 segundos

483.txt

55 67 87 86
34 79 76 69
0 0 0 0
35 75 61 39
26 47 46 38
58 67 84 77

tiempo = 0.001336958 segundos

484.txt

95 76
135 125

tiempo = 6.83365E-4 segundos

485.txt

92 133 90 198 116
22 44 60 60 18
22 40 20 50 35
71 81 70 140 77

tiempo = 9.05541E-4 segundos

486.txt

42 72 70 10 22
28 80 84 12 20
81 136 127 35 35
68 82 59 59 9

tiempo = 8.97841E-4 segundos

487.txt

5 22 50 66
41 93 77 83
23 57 61 71
8 47 61 73
21 71 77 89
38 101 101 115

tiempo = 0.001096149 segundos

488.txt

28 36
11 17
4 12

tiempo = 6.65558E-4 segundos

489.txt

90 36
45 0

tiempo = 5.86855E-4 segundos

490.txt

76 72 54 69
75 57 67 87
60 39 55 81
93 78 74 99

tiempo = 8.42619E-4 segundos

491.txt

164 110 109 74
115 112 83 92
113 72 79 57
189 120 145 108
144 118 111 123

tiempo = 0.001197962 segundos

492.txt

113 210 144 174
118 178 134 175
60 97 68 81
62 120 96 131
125 182 97 157
82 131 85 117

tiempo = 0.001343937 segundos

493.txt

150 142
170 144
141 113
179 136

tiempo = 7.86301E-4 segundos

494.txt

152 46 126 184 169
95 84 114 197 124
164 33 109 149 146
78 41 91 123 102

tiempo = 5.83412E-4 segundos

495.txt

26 23 23 12 16
34 33 33 42 56

tiempo = 3.35922E-4 segundos

496.txt

40 99
0 40
5 53
15 59
15 69
0 30

tiempo = 8.63684E-4 segundos

497.txt

158 157 152 80
149 170 177 72
125 137 120 146

tiempo = 5.96735E-4 segundos

498.txt

78 195 150 129 100 45
102 166 136 147 86 31
61 117 92 75 58 22
101 156 135 162 96 31
68 221 160 162 119 56

tiempo = 7.89168E-4 segundos

499.txt

25 88 77 45
45 116 119 58

tiempo = 4.75553E-4 segundos

