129.txt

3958 2986 3890 5791 3469
4765 3779 4302 7014 4342
4087 3623 3649 6242 4198
2975 3780 3478 4631 3092

tiempo = 0.00154871 segundos

101.txt

2080 3046 750 1651 2389 2029
1026 1518 518 555 1404 801
890 1784 284 851 1635 1252
2556 2832 1412 1011 2354 1168
2340 3636 504 2493 2508 2910
998 1922 222 1112 1592 1487

tiempo = 0.00171967 segundos

14.txt

2692 3012 4276 3454 2159 2027
3936 4532 5964 4694 2750 3469
2702 3678 4480 4744 2480 3348
3755 3070 4730 3492 2522 2553
1745 2454 3218 3886 2130 2142
4229 3152 4646 3166 2334 3188

tiempo = 0.00164558 segundos

467.txt

1093 1085 1913
1331 1207 2198
1661 2367 3303

tiempo = 0.000961959 segundos

328.txt

2466 1043 1824 2197 3170
830 1278 400 919 1562
2892 2450 1854 2536 3699
1346 1295 826 1043 1399
1482 402 1146 987 1083
1358 2568 544 1543 2682

tiempo = 0.00138912 segundos

472.txt

1558 1771 2297 948
3419 6272 4846 3263
2556 3180 3342 1864
2926 5000 3680 2478
4745 7120 4840 3575
3367 4384 3534 2235

tiempo = 0.00135713 segundos

466.txt

5001 3326
5030 4428
5222 4717
7664 5329

tiempo = 0.000914167 segundos

499.txt

2311 3004 2674 2340 2944 2330
3027 4074 3741 2478 3954 3309
3992 5306 4701 4712 5205 3824
3823 3762 2536 4484 3003 2257

tiempo = 0.000811875 segundos

102.txt

2123 3552 1646
738 2239 1896
1414 1965 568

tiempo = 0.000692583 segundos

17.txt

2310 3020 2442 1640
2896 2680 2787 2324
2205 4112 3069 2531

tiempo = 0.000670791 segundos

270.txt

5193 3004 3848 5464
1887 2921 2615 3683
3967 3154 2857 4333
2276 2554 1606 2947

tiempo = 0.000809 segundos

489.txt

4471 3644 2333
3961 3106 2560
2137 2600 1215
3980 2836 2934
3837 2160 2266

tiempo = 0.000916958 segundos

462.txt

900 973 657 742 722 342
936 1033 687 794 798 378
936 1492 768 1280 1824 864
72 613 147 626 1254 594

tiempo = 0.00080975 segundos

311.txt

3434 2581 4217 2443 2897 3758
3402 2213 2655 1209 2877 2544
4514 4113 5147 3208 4857 4464
4168 2961 5049 2912 3386 5125
4054 4245 4195 2927 3970 4603

tiempo = 0.0009645 segundos

259.txt

6144 3549
3653 2564
5096 3156
6023 4265

tiempo = 0.000794417 segundos

312.txt

2062 2652 2955 3245 1127 2290
799 1448 2497 2751 1271 2009

tiempo = 0.000518667 segundos

474.txt

3286 4878 6264 6874 5652
3963 4618 6898 7302 6678
2513 2941 4958 5169 5771
3143 2993 4325 4472 3785
3203 2201 4012 3830 4643

tiempo = 0.00086225 segundos

104.txt

1228 1016
1736 1776

tiempo = 0.000450042 segundos

110.txt

2566 1335
3556 2171
2866 1675
4074 1413
5556 2388

tiempo = 0.000832333 segundos

138.txt

1571 1235 4029
2413 887 3756
1952 1970 4518
4220 1640 7186
3836 1605 6194
4110 1773 5681

tiempo = 0.000958625 segundos

299.txt

2072 2293 1885 2073
2962 2624 3168 3310

tiempo = 0.000445416 segundos

201.txt

678 765 213 870
65 66 29 101

tiempo = 0.00039475 segundos

361.txt

3366 3640 5516 3355
1820 1685 2576 1668
2772 3111 4442 2676
1826 963 3225 1366
1430 1826 1586 1611

tiempo = 0.000646625 segundos

406.txt

4548 3938 3615 3578 6088
4166 3056 1986 2079 4385
6014 4836 4058 4009 7688
5896 4401 3058 3899 6370

tiempo = 0.000564959 segundos

88.txt

244 442
982 862
1672 1114

tiempo = 0.000463167 segundos

63.txt

2744 1211 2513 3850 1960
848 404 332 960 516
1414 787 673 1514 1451
3152 1556 3860 4644 3522
1524 678 2730 2712 1800

tiempo = 0.000672583 segundos

228.txt

2706 4207 1679
3947 3509 1340

tiempo = 0.000356958 segundos

160.txt

4126 1001 3200 2751
2162 488 1544 1432
2206 653 1744 1059

tiempo = 0.000475541 segundos

148.txt

3826 1426 3433 4783 4083
2285 762 3089 3252 2497
1708 582 1200 1403 1622
871 393 1058 1307 661
1403 419 1892 2105 1833
2311 1067 1718 2306 1331

tiempo = 0.000724958 segundos

376.txt

3514 2322 2890 1450
3144 1518 2596 1126
3336 1633 2975 1284

tiempo = 0.000446667 segundos

363.txt

4862 4446 4505
4307 3658 4092
4266 4300 4890
3782 3860 3843
4484 3328 3816

tiempo = 0.000630917 segundos

405.txt

1395 2955 940 945
951 2484 798 976

tiempo = 0.000351 segundos

60.txt

2012 4057
6199 7290
3298 3272
1936 3309
2221 3124

tiempo = 0.000608167 segundos

217.txt

1708 2234 2470
3471 2600 3282
1519 2595 2669
2497 3437 3505

tiempo = 0.000505834 segundos

207.txt

1479 2568
850 1885

tiempo = 0.000350333 segundos

64.txt

1598 2126 3646 3863
2197 3339 4721 4615

tiempo = 0.000330875 segundos

171.txt

1221 5971
1893 5573
2874 5618
1397 3141

tiempo = 0.000506166 segundos

414.txt

1681 810
1427 1221
3358 3397
1709 1081
3810 2404

tiempo = 0.000596333 segundos

399.txt

3934 6880 4881 2675 5227
1958 4322 3482 1808 3626

tiempo = 0.000340042 segundos

212.txt

2942 3379 2999 3183 2188 2231
1089 2430 3386 3191 2790 2267
2207 2878 1500 1579 1264 1641
584 1784 1573 1119 1475 1408

tiempo = 0.000477417 segundos

402.txt

3588 3427 2343
3107 2466 2225
3188 2550 1492
1470 1380 1562
3626 3174 2625
3010 1995 1450

tiempo = 0.000731958 segundos

403.txt

2497 2109 3035 2922
3474 2782 3550 2784

tiempo = 0.000317417 segundos

417.txt

2403 1038 2960
2380 938 1708
2614 550 1728
3037 760 2064
1606 165 2255
4022 1552 2796

tiempo = 0.000678834 segundos

173.txt

3218 3368
2491 2882
4630 4120
2048 2492
3268 2817
2148 2474

tiempo = 0.000645791 segundos

205.txt

2701 3128 1303 3235 4246
1669 1806 1313 2502 4089
2219 2287 2401 3701 6197
1925 1921 1467 2995 3939

tiempo = 0.000474125 segundos

239.txt

1998 2723 1420 2851
2074 1843 429 2306
2226 1772 597 2111
2259 2114 633 2549
1953 2741 1974 2519
2622 2074 587 2543

tiempo = 0.000686917 segundos

181.txt

2669 4087 2897 5105 3539 2674
4316 4879 3754 6036 5054 4795
2237 2665 2338 3234 3211 2364
3304 4944 3669 6032 4335 4056

tiempo = 0.0004725 segundos

432.txt

1632 1680 861 1381 1368 1605
1976 1752 778 1258 1464 794

tiempo = 0.00029425 segundos

382.txt

3657 6386 1581
2975 4796 1840
5678 9295 3183
4537 6976 1670

tiempo = 0.000460333 segundos

95.txt

3933 2796
5166 3927
4647 3897

tiempo = 0.000380292 segundos

235.txt

2314 2691 1014
1992 2028 1392

tiempo = 0.0003045 segundos

182.txt

1035 1087 1820 982
3849 2300 3760 3280
3198 1599 2380 2569

tiempo = 0.000375542 segundos

68.txt

2806 3823 3101 4575 4268 2594
447 1200 1143 1560 1101 483

tiempo = 0.000293458 segundos

54.txt

3143 3320
2509 3564
2514 3052
2416 2774
2385 2680
1915 2936

tiempo = 0.000619125 segundos

343.txt

1110 654 708 263
4201 3631 2770 1801
2894 1956 1810 899

tiempo = 0.000377125 segundos

431.txt

1134 391 653 1962
1302 403 689 2466

tiempo = 0.000296541 segundos

418.txt

2743 3793 4053 2990 3614 3796
2657 2927 3050 2285 2798 3298
2097 3405 4171 2394 3047 3332
1347 3620 3644 3409 4340 3189
1111 1960 1990 1345 1462 1763

tiempo = 0.00055175 segundos

356.txt

748 2596 3344
204 1204 2307
255 1109 1770
663 1837 1659
153 531 684

tiempo = 0.00053275 segundos

168.txt

4076 2969
5174 3633

tiempo = 0.000292792 segundos

82.txt

2346 2545 3740
1974 1848 2845
2152 2052 3843
1513 2588 3105
2423 2824 4461
2093 2721 3529

tiempo = 0.000628375 segundos

236.txt

2000 1520
1800 392
3450 2194

tiempo = 0.000372667 segundos

144.txt

2855 3474 2613 1971 2582
1924 3289 1814 2078 1543
4419 6214 3849 4317 3580
5023 6113 3975 2890 3646

tiempo = 0.000454792 segundos

150.txt

4219 1426 3776 1532 1960 4645
4190 1146 3024 1323 2691 4884
4458 1204 3704 1631 2810 5321
1941 557 1855 900 1669 2448
3711 1378 4196 1592 778 3955
3477 965 2611 1277 2997 4243

tiempo = 0.000645917 segundos

435.txt

1455 1456 2003
1200 1008 1544
678 1478 1381
429 848 825
291 692 625

tiempo = 0.000572417 segundos

390.txt

403 180 1420 536
191 484 1204 692
892 1152 3790 2495
543 1066 2748 1980
608 737 2596 1544
441 215 1570 617

tiempo = 0.000643208 segundos

423.txt

1577 1645 1018 1930 1649
3619 4337 2280 3984 1933
4956 6174 2872 5291 2990

tiempo = 0.000390334 segundos

422.txt

4280 3890 4106 5956 2670
2750 2557 3199 3511 2248
4028 5895 3875 6278 2247
2594 2766 2761 3567 2015
4081 4505 3207 5819 2145
2607 2865 2018 3898 2430

tiempo = 0.000629 segundos

185.txt

2628 3767
2497 2591
3621 5142

tiempo = 0.000382625 segundos

218.txt

2194 1820 2100
2070 1845 2021

tiempo = 0.000292708 segundos

243.txt

2761 4736
1322 3432
1181 3581
2133 3490
1545 2750
2919 2638

tiempo = 0.000624625 segundos

322.txt

1482 1641 1307 1911 1958
1170 855 1605 585 1110
1731 1383 2221 1113 1759
537 396 732 276 513
1945 1785 2195 1735 2205
1485 1425 1595 1455 1745

tiempo = 0.000625083 segundos

450.txt

899 2955 2019 1424
949 2818 1949 1465
2070 5556 3668 3014
2998 5043 3567 1180
2729 4028 2637 1612

tiempo = 0.000540209 segundos

336.txt

2987 3455
1424 1702
1236 1146
1276 1125
2391 3266
1901 2192

tiempo = 0.000623791 segundos

35.txt

3369 3229 1845 151 2005 1242
2145 1891 1821 981 1772 2446
3363 3967 2367 1064 2058 2942
2653 2331 1273 132 1659 1110
4694 4535 2792 665 2975 2624
3287 3196 2189 1078 2332 3074

tiempo = 0.000621792 segundos

242.txt

2179 1756 1118 3226 1806 1427
3496 2734 584 2998 3104 2706
3482 2796 640 3124 3499 3298
2885 1857 340 2716 2981 2298
4753 3637 1498 5501 4204 3408

tiempo = 0.000533708 segundos

136.txt

2475 2138 2549 3205 2339
3210 2674 3753 3532 3587
3127 2449 4077 3065 3805

tiempo = 0.000374416 segundos

485.txt

3765 3828 4262 2448
3894 3241 3718 2397
4823 4051 4008 2123
4381 4172 3912 1852
3669 4226 4662 2498
6325 5924 6467 4014

tiempo = 0.000682875 segundos

491.txt

4146 3422 2024 3173 3422
4915 4560 1610 3581 3513
4721 6074 2260 3392 3227
4253 3245 1068 2329 2713
5681 5189 3273 5210 5511
4971 5573 1950 3825 3853

tiempo = 0.000611708 segundos

447.txt

2588 2032 1302
2491 2203 1313
3957 3089 2161
3701 2893 2380

tiempo = 0.000456791 segundos

490.txt

4604 4062
3555 4298

tiempo = 0.000292083 segundos

484.txt

4023 942
3715 2623
5573 2432
5220 1589

tiempo = 0.000452958 segundos

127.txt

6540 4362 4257
6507 3124 4009
5102 4338 3180
4930 3040 4024

tiempo = 0.000517292 segundos

133.txt

2350 3038
1655 2656
3655 3978
3798 4436
710 802
2498 2830

tiempo = 0.00063425 segundos

443.txt

4707 6717
4010 4775
2075 3999
5057 6369
2094 3010
3877 4893

tiempo = 0.000622917 segundos

442.txt

4742 4912 4347 5353 5445
3394 4169 5004 4113 4343
4175 3348 3094 4122 5909
3200 3739 4556 4097 4266
3020 3118 3381 4463 3506

tiempo = 0.000539041 segundos

126.txt

1831 740 1307 573 1139 2056
1361 550 973 426 853 1532
2254 910 1638 707 1526 2604
1008 410 640 311 288 932

tiempo = 0.000456583 segundos

31.txt

4912 6362 4201 5968 1590 4538
3075 3096 3455 3748 1288 2912
4258 5271 3580 5071 1286 3516

tiempo = 0.000381291 segundos

497.txt

1183 1355 781 570 1262 775
3540 4632 3924 3072 3768 1836
2059 2930 3074 2435 2330 1169
1632 2196 2137 1661 1896 1132

tiempo = 0.000469833 segundos

326.txt

2650 4404 2602 3486 2416
3338 5163 2232 3379 2991
3673 4757 2354 3879 3008

tiempo = 0.000374291 segundos

333.txt

1572 1440 1675
2304 1566 2486
3128 3266 3036
1705 1992 1657

tiempo = 0.000521417 segundos

482.txt

1056 1880 1002 1151 1065 1682
1921 1329 2052 1332 1152 776
2489 2521 2520 1954 1770 1952
2492 3148 2476 2210 2016 2605
2246 2702 2518 2277 1887 1808
2208 1664 2408 1660 1404 948

tiempo = 0.00061325 segundos

